0.568915568915569
0.553133553133553
0.484133484133484
0.482201482201482
0.469288469288469
0.517520517520518
0.479460479460479
0.444356444356444
0.501970501970502
0.478273478273478
0.5000435000435
0.469177469177469
0.370921370921371
0.431261431261431
0.483830483830484
0.496197496197496
0.481436481436481
0.491612491612492
0.487320487320487
0.473806473806474
0.460533460533461
0.491467491467491
0.472910472910473
0.464707464707465
0.474253474253474
0.487043487043487
0.495588495588496
0.452361452361452
0.41005841005841
0.464343464343464
0.46967146967147
0.482056482056482
0.467666467666468
0.446013446013446
0.433097433097433
0.46045446045446
0.48021548021548
0.466472466472466
0.444043444043444
0.449500449500449
0.464450464450464
0.434464434464435
0.454820454820455
0.469327469327469
0.451592451592452
0.451368451368451
0.438481438481439
0.442325442325442
0.3999613999614
0.394930394930395
0.397650397650398
0.413491413491413
0.461702461702462
0.473559473559474
0.451044451044451
0.403637403637404
0.404397404397404
0.409237409237409
0.414909414909415
0.384905384905385
0.397584397584398
0.416299416299416
0.389096389096389
0.410554410554411
0.407677407677408
0.377587377587378
0.38960238960239
0.404481404481404
0.371276371276371
0.365388365388365
0.372572372572373
0.349062349062349
0.34974234974235
0.356822356822357
0.372937372937373
0.385082385082385
0.384946384946385
0.386427386427386
0.358591358591359
0.353427353427353
0.36003036003036
0.368015368015368
0.364036364036364
0.377917377917378
0.3995513995514
0.377571377571378
0.394708394708395
0.377171377171377
0.386802386802387
0.392425392425392
0.392492392492393
0.408080408080408
0.388838388838389
0.418095418095418
0.408688408688409
0.371977371977372
0.366373366373366
0.352919352919353
0.369111369111369
0.384278384278384
0.382957382957383
0.350852350852351
0.33029433029433
0.351572351572352
0.345639345639346
0.347465347465347
0.365270365270365
0.38975238975239
0.426750426750427
0.47040347040347
0.412394412394412
0.433342433342433
0.427321427321427
0.408190408190408
0.3998313998314
0.417605417605418
0.426197426197426
0.391718391718392
0.394212394212394
0.371000371000371
0.29005129005129
0.403752403752404
0.371803371803372
0.422508422508423
0.403997403997404
0.438065438065438
0.456599456599457
0.414098414098414
0.455255455255455
0.47013447013447
0.46954546954547
0.504268504268504
0.423083423083423
0.389084389084389
0.410689410689411
0.441274441274441
0.445825445825446
0.410917410917411
0.376093376093376
0.394336394336394
0.421931421931422
0.401974401974402
0.418087418087418
0.405308405308405
0.38036238036238
0.378515378515379
0.397487397487397
0.381497381497381
0.395672395672396
0.383065383065383
0.428835428835429
0.392409392409392
0.407003407003407
0.398639398639399
0.408025408025408
0.411509411509412
0.433382433382433
0.419300419300419
0.411391411391411
0.398935398935399
0.377092377092377
0.367066367066367
0.357133357133357
0.342570342570343
0.33982933982934
0.336441336441336
0.343076343076343
0.362486362486362
0.364907364907365
0.344261344261344
0.342069342069342
0.349261349261349
0.362890362890363
0.358997358997359
0.372443372443372
0.421855421855422
0.487769487769488
0.455461455461455
0.464076464076464
0.477656477656478
0.434364434364434
0.348338348338348
0.406088406088406
0.431819431819432
0.420552420552421
0.411358411358411
0.418297418297418
0.426892426892427
0.412866412866413
0.406565406565407
0.372266372266372
0.363051363051363
0.377555377555378
0.385534385534386
0.377551377551378
0.4004344004344
0.38973838973839
0.406775406775407
0.416849416849417
0.427430427430427
0.401167401167401
0.467329467329467
0.423100423100423
0.500766500766501
0.44030744030744
0.445584445584446
0.423873423873424
0.416348416348416
0.406617406617407
0.429105429105429
0.406263406263406
0.42994642994643
0.393258393258393
0.376127376127376
0.374148374148374
0.401745401745402
0.390642390642391
0.409311409311409
0.392307392307392
0.423724423724424
0.438584438584439
0.416344416344416
0.412800412800413
0.347289347289347
0.436266436266436
0.467577467577468
0.443485443485443
0.443628443628444
0.386735386735387
0.360785360785361
0.4003664003664
0.411368411368411
0.438733438733439
0.447305447305447
0.480556480556481
0.452093452093452
0.41012341012341
0.359448359448359
0.373617373617374
0.414703414703415
0.410951410951411
0.382073382073382
0.394244394244394
0.405722405722406
0.448733448733449
0.387354387354387
0.36947436947437
0.445097445097445
0.405026405026405
0.460775460775461
0.46003446003446
0.467411467411467
0.42979442979443
0.432669432669433
0.428463428463428
0.427299427299427
0.396671396671397
0.404615404615405
0.37955837955838
0.353929353929354
0.389455389455389
0.397983397983398
0.421939421939422
0.398179398179398
0.375120375120375
0.363877363877364
0.42982242982243
0.444890444890445
0.397079397079397
0.42981442981443
0.432928432928433
0.462385462385462
0.402824402824403
0.382662382662383
0.360538360538361
0.352268352268352
0.359406359406359
0.375505375505375
0.406297406297406
0.398519398519399
0.38017738017738
0.356026356026356
0.362231362231362
0.377240377240377
0.422174422174422
0.41032541032541
0.419515419515419
0.374977374977375
0.405921405921406
0.437997437997438
0.396887396887397
0.381571381571382
0.396641396641397
0.416833416833417
0.437674437674438
0.451589451589452
0.407478407478407
0.441885441885442
0.454374454374454
0.407515407515407
0.365778365778366
0.34974734974735
0.349347349347349
0.381098381098381
0.38964338964339
0.358718358718359
0.350800350800351
0.354828354828355
0.384176384176384
0.465039465039465
0.430525430525431
0.415336415336415
0.323223323223323
0.298678298678299
0.444097444097444
0.456669456669457
0.42024642024642
0.422434422434422
0.418922418922419
0.443586443586444
0.423452423452423
0.384769384769385
0.361136361136361
0.417687417687418
0.435461435461435
0.401406401406401
0.387157387157387
0.435788435788436
0.382562382562383
0.431204431204431
0.434691434691435
0.433288433288433
0.417396417396417
0.376253376253376
0.36046736046736
0.364403364403364
0.400636400636401
0.435960435960436
0.418624418624419
0.504071504071504
0.435097435097435
0.370706370706371
0.366515366515367
0.381498381498381
0.37025837025837
0.438916438916439
0.447043447043447
0.453113453113453
0.436600436600437
0.455649455649456
0.40999140999141
0.407546407546408
0.411131411131411
0.415924415924416
0.402260402260402
0.395813395813396
0.375673375673376
0.372183372183372
0.35952035952036
0.346464346464346
0.349371349371349
0.364626364626365
0.36998336998337
0.372636372636373
0.353317353317353
0.361614361614362
0.374783374783375
0.357359357359357
0.384329384329384
0.383430383430383
0.398790398790399
0.390803390803391
0.365721365721366
0.351718351718352
0.347434347434347
0.372722372722373
0.387136387136387
0.403358403358403
0.386328386328386
0.389300389300389
0.367404367404367
0.356084356084356
0.361192361192361
0.364637364637365
0.364101364101364
0.356554356554357
0.378165378165378
0.395112395112395
0.38987238987239
0.406811406811407
0.404148404148404
0.414184414184414
0.406503406503407
0.398232398232398
0.397430397430397
0.396525396525397
0.391273391273391
0.384768384768385
0.371633371633372
0.360740360740361
0.368470368470369
0.372269372269372
0.365260365260365
0.33983333983334
0.345839345839346
0.368963368963369
0.355229355229355
0.352617352617353
0.370654370654371
0.391067391067391
0.388464388464388
0.346302346302346
0.34040634040634
0.342764342764343
0.376884376884377
0.386778386778387
0.398312398312398
0.363475363475363
0.392518392518392
0.408017408017408
0.413709413709414
0.407950407950408
0.404544404544405
0.382461382461382
0.410786410786411
0.4001844001844
0.415801415801416
0.378677378677379
0.367351367351367
0.364606364606365
0.353755353755354
0.355057355057355
0.36050936050936
0.37014337014337
0.401901401901402
0.441945441945442
0.447283447283447
0.470550470550471
0.472393472393472
0.386701386701387
0.387991387991388
0.405584405584406
0.403976403976404
0.3995663995664
0.369410369410369
0.391919391919392
0.403612403612404
0.377522377522377
0.406805406805407
0.431422431422431
0.462026462026462
0.473003473003473
0.418147418147418
0.447245447245447
0.46047646047646
0.455199455199455
0.458415458415458
0.470526470526471
0.486599486599487
0.531425531425531
0.507869507869508
0.346943346943347
0.366078366078366
0.376934376934377
0.394239394239394
0.408256408256408
0.407686407686408
0.373390373390373
0.381053381053381
0.418322418322418
0.460620460620461
0.477105477105477
0.448028448028448
0.442599442599443
0.50965750965751
0.47027447027447
0.419066419066419
0.414590414590415
0.383028383028383
0.373463373463373
0.374025374025374
0.378423378423378
0.365488365488365
0.367384367384367
0.3995083995084
0.385334385334385
0.387421387421387
0.380924380924381
0.394120394120394
0.373853373853374
0.363987363987364
0.38048438048438
0.401696401696402
0.432518432518433
0.401440401440401
0.383963383963384
0.360941360941361
0.394096394096394
0.422875422875423
0.446811446811447
0.416413416413416
0.414856414856415
0.400691400691401
0.447350447350447
0.424085424085424
0.425600425600426
0.444254444254444
0.452364452364452
0.454404454404454
0.476658476658477
0.497381497381497
0.490972490972491
0.436404436404436
0.498581498581499
0.448401448401448
0.425481425481425
0.415527415527416
0.404242404242404
0.417582417582418
0.438475438475438
0.4003174003174
0.384969384969385
0.401747401747402
0.401184401184401
0.393011393011393
0.407347407347407
0.4002344002344
0.373519373519374
0.387435387435387
0.385959385959386
0.401051401051401
0.376928376928377
0.414980414980415
0.442333442333442
0.409036409036409
0.37023237023237
0.40953340953341
0.356014356014356
0.36036436036436
0.362131362131362
0.35038435038435
0.347421347421347
0.36014236014236
0.353767353767354
0.339203339203339
0.347159347159347
0.34043234043234
0.352006352006352
0.361417361417361
0.359300359300359
0.352914352914353
0.185356185356185
0.353715353715354
0.344294344294344
0.354636354636355
0.363904363904364
0.377921377921378
0.384403384403384
0.383708383708384
0.392193392193392
0.358918358918359
0.345170345170345
0.353659353659354
0.363352363352363
0.370608370608371
0.386891386891387
0.381389381389381
0.374086374086374
0.365787365787366
0.387169387169387
0.395985395985396
0.397439397439397
0.365220365220365
0.38037238037238
0.37019137019137
0.366026366026366
0.386468386468386
0.406382406382406
0.387314387314387
0.393714393714394
0.421882421882422
0.445269445269445
0.435325435325435
0.436999436999437
0.486105486105486
0.465677465677466
0.487859487859488
0.460824460824461
0.384731384731385
0.391858391858392
0.388476388476388
0.433215433215433
0.442750442750443
0.408419408419408
0.403047403047403
0.398453398453398
0.430885430885431
0.423022423022423
0.421625421625422
0.412961412961413
0.392881392881393
0.384087384087384
0.351757351757352
0.353673353673354
0.357492357492358
0.362445362445362
0.374482374482374
0.396665396665397
0.400572400572401
0.37008137008137
0.378600378600379
0.373962373962374
0.371351371351371
0.398940398940399
0.394490394490394
0.380803380803381
0.384528384528385
0.402072402072402
0.382673382673383
0.365107365107365
0.347466347466347
0.348136348136348
0.343736343736344
0.348009348009348
0.355054355054355
0.367003367003367
0.36016236016236
0.394150394150394
0.405409405409405
0.396324396324396
0.387352387352387
0.355286355286355
0.355005355005355
0.353425353425353
0.383048383048383
0.388326388326388
0.381541381541382
0.394307394307394
0.375655375655376
0.384788384788385
0.395613395613396
0.448167448167448
0.449032449032449
0.428427428427428
0.432975432975433
0.414990414990415
0.38995938995939
0.376931376931377
0.368387368387368
0.368734368734369
0.388438388438388
0.427618427618428
0.465603465603466
0.467145467145467
0.42971642971643
0.428880428880429
0.476006476006476
0.515656515656516
0.491294491294491
0.516579516579517
0.457645457645458
0.448741448741449
0.498609498609499
0.516283516283516
0.518414518414518
0.432163432163432
0.426932426932427
0.38981938981939
0.372947372947373
0.398206398206398
0.388842388842389
0.402412402412402
0.405904405904406
0.407891407891408
0.376608376608377
0.364086364086364
0.371393371393371
0.376065376065376
0.385434385434385
0.373403373403373
0.416789416789417
0.432331432331432
0.402626402626403
0.374831374831375
0.355210355210355
0.343486343486343
0.354220354220354
0.345225345225345
0.344763344763345
0.348583348583349
0.342684342684343
0.34967734967735
0.364564364564365
0.401741401741402
0.420811420811421
0.408907408907409
0.430843430843431
0.407671407671408
0.392119392119392
0.358538358538359
0.360842360842361
0.352775352775353
0.357755357755358
0.373692373692374
0.392708392708393
0.407463407463407
0.400761400761401
0.411889411889412
0.391752391752392
0.42033942033942
0.382207382207382
0.333028333028333
0.347781347781348
0.351762351762352
0.353316353316353
0.353454353454353
0.341979341979342
0.347683347683348
0.344530344530345
0.352490352490352
0.373254373254373
0.365501365501365
0.353377353377353
0.383830383830384
0.372169372169372
0.372655372655373
0.373857373857374
0.367757367757368
0.398891398891399
0.407793407793408
0.403902403902404
0.387867387867388
0.36017736017736
0.365539365539366
0.388084388084388
0.41015541015541
0.398222398222398
0.380530380530381
0.37044037044037
0.382966382966383
0.393326393326393
0.395781395781396
0.371015371015371
0.352041352041352
0.354690354690355
0.345671345671346
0.357951357951358
0.375703375703376
0.368058368058368
0.352648352648353
0.358371358371358
0.390537390537391
0.385103385103385
0.367952367952368
0.362514362514363
0.383546383546384
0.363367363367363
0.358407358407358
0.370846370846371
0.361660361660362
0.381366381366381
0.394301394301394
0.38998238998239
0.384862384862385
0.357606357606358
0.392817392817393
0.366707366707367
0.357724357724358
0.341974341974342
0.342996342996343
0.352397352397352
0.385422385422385
0.375097375097375
0.368043368043368
0.38050038050038
0.377850377850378
0.379317379317379
0.358647358647359
0.353004353004353
0.353654353654354
0.37967437967438
0.397220397220397
0.364178364178364
0.346041346041346
0.355506355506356
0.345919345919346
0.346873346873347
0.343993343993344
0.341102341102341
0.34978734978735
0.353847353847354
0.391427391427391
0.414437414437414
0.397356397356397
0.373847373847374
0.367179367179367
0.382980382980383
0.372624372624373
0.396581396581397
0.381030381030381
0.395469395469395
0.37951837951838
0.364806364806365
0.375438375438375
0.413599413599414
0.403789403789404
0.414146414146414
0.381692381692382
0.36961236961237
0.36037436037436
0.354608354608355
0.388126388126388
0.38008138008138
0.348750348750349
0.342988342988343
0.355156355156355
0.367088367088367
0.380836380836381
0.378603378603379
0.351231351231351
0.356579356579357
0.389316389316389
0.395677395677396
0.365653365653366
0.351518351518352
0.369126369126369
0.385302385302385
0.363298363298363
0.36007436007436
0.367362367362367
0.36959836959837
0.351261351261351
0.356832356832357
0.363176363176363
0.382988382988383
0.405278405278405
0.425266425266425
0.438515438515439
0.409234409234409
0.416112416112416
0.391766391766392
0.398350398350398
0.413375413375413
0.512746512746513
0.536477536477536
0.451496451496452
0.440495440495441
0.3998913998914
0.419495419495419
0.440828440828441
0.405744405744406
0.385161385161385
0.404364404364404
0.441114441114441
0.39028739028739
0.356108356108356
0.380966380966381
0.431988431988432
0.392433392433392
0.41969641969642
0.387319387319387
0.356396356396356
0.34972034972035
0.351502351502352
0.356503356503357
0.354026354026354
0.354443354443354
0.350968350968351
0.349134349134349
0.349314349314349
0.344847344847345
0.348930348930349
0.346544346544347
0.356301356301356
0.416952416952417
0.422012422012422
0.396076396076396
0.398860398860399
0.392439392439392
0.388682388682389
0.400770400770401
0.408066408066408
0.374712374712375
0.383465383465384
0.375552375552376
0.383588383588384
0.402801402801403
0.364064364064364
0.357058357058357
0.222827222827223
0.360863360863361
0.352366352366352
0.37982737982738
0.399395399395399
0.4002034002034
0.414857414857415
0.402090402090402
0.378921378921379
0.377867377867378
0.377675377675378
0.394018394018394
0.401289401289401
0.371132371132371
0.375027375027375
0.36958836958837
0.395904395904396
0.388142388142388
0.396255396255396
0.415998415998416
0.390744390744391
0.40998940998941
0.406864406864407
0.408749408749409
0.389248389248389
0.403724403724404
0.412341412341412
0.396489396489397
0.403483403483404
0.416212416212416
0.38977938977939
0.390731390731391
0.37012837012837
0.358484358484358
0.341959341959342
0.35007535007535
0.364759364759365
0.36975736975737
0.360638360638361
0.366500366500366
0.377195377195377
0.330906330906331
0.372100372100372
0.365375365375365
0.373168373168373
0.391415391415391
0.381498381498382
0.366477366477366
0.371905371905372
0.354230354230354
0.35013035013035
0.35975435975436
0.366682366682367
0.355402355402355
0.342716342716343
0.344629344629345
0.366455366455366
0.375787375787376
0.376868376868377
0.371054371054371
0.374999374999375
0.392360392360392
0.400774400774401
0.379041379041379
0.389147389147389
0.388364388364388
0.370730370730371
0.363142363142363
0.386116386116386
0.361577361577362
0.351056351056351
0.376496376496377
0.385637385637386
0.383566383566384
0.381823381823382
0.384217384217384
0.402056402056402
0.377673377673378
0.363438363438363
0.363275363275363
0.385149385149385
0.431836431836432
0.447420447420447
0.463980463980464
0.455375455375455
0.41968741968742
0.418384418384418
0.434006434006434
0.425799425799426
0.458700458700459
0.416658416658417
0.463295463295463
0.412484412484412
0.383586383586384
0.37009837009837
0.403300403300403
0.393978393978394
0.375313375313375
0.430776430776431
0.486289486289486
0.43955643955644
0.405351405351405
0.384037384037384
0.429379429379429
0.418733418733419
0.365135365135365
0.418649418649419
0.413872413872414
0.403819403819404
0.433409433409433
0.384078384078384
0.358162358162358
0.373214373214373
0.365382365382365
0.357569357569358
0.367617367617368
0.382069382069382
0.425646425646426
0.434212434212434
0.441749441749442
0.424663424663425
0.453939453939454
0.46968846968847
0.443079443079443
0.428130428130428
0.464381464381464
0.502718502718503
0.48025448025448
0.479307479307479
0.48009648009648
0.449499595743286
0.404365404365404
0.440935440935441
0.420920420920421
0.457805457805458
0.422382422382422
0.428351428351428
0.428225428225428
0.436801436801437
0.384748384748385
0.373612373612374
0.42043942043942
0.412739412739413
0.397482397482397
0.421373421373421
0.435144435144435
0.431779431779432
0.41966041966042
0.416180416180416
0.396659396659397
0.386174386174386
0.401600401600402
0.415449415449415
0.377034377034377
0.370515370515371
0.407471407471407
0.395658395658396
0.412401412401412
0.411260411260411
0.411646411646412
0.417439417439417
0.458627458627459
0.486029486029486
0.432803432803433
0.5002525002525
0.467643467643468
0.461006461006461
0.462681462681463
0.454058454058454
0.403541403541404
0.44042044042044
0.454440454440454
0.471241471241471
0.455605455605456
0.491317491317491
0.447061447061447
0.397424397424397
0.393013393013393
0.387593387593388
0.356084356084356
0.362522362522362
0.366714366714367
0.381114381114381
0.42018642018642
0.400676400676401
0.35967935967936
0.352586352586353
0.380724380724381
0.377561377561378
0.276208276208276
0.337290337290337
0.360493360493361
0.375824375824376
0.346004346004346
0.347035347035347
0.342219342219342
0.346908346908347
0.351315351315351
0.366343366343366
0.385496385496385
0.364864364864365
0.376791376791377
0.404003404003404
0.365983365983366
0.38010638010638
0.361963361963362
0.364564364564365
0.367639367639368
0.378456378456378
0.358797358797359
0.370598370598371
0.378525378525378
0.380862380862381
0.381725381725382
0.393135393135393
0.385589385589386
0.396226396226396
0.398253398253398
0.417388417388417
0.385140385140385
0.354395354395354
0.351422351422351
0.344654344654345
0.295301295301295
0.357122357122357
0.372279372279372
0.355576355576356
0.38984538984539
0.380813380813381
0.356473356473356
0.34016934016934
0.344119344119344
0.361426361426361
0.390544390544391
0.3998003998004
0.42020542020542
0.41969741969742
0.40965640965641
0.407914407914408
0.41031241031241
0.394842394842395
0.366713366713367
0.379424379424379
0.356390356390356
0.376070376070376
0.377940377940378
0.384041384041384
0.387763387763388
0.351337351337351
0.367502367502368
0.365370365370365
0.362958362958363
0.36013036013036
0.385447385447385
0.373010373010373
0.368348368348368
0.357192357192357
0.364220364220364
0.383888383888384
0.39007939007939
0.377277377277377
0.379165379165379
0.4000564000564
0.388962388962389
0.388223388223388
0.399312399312399
0.40966340966341
0.406469406469406
0.362746362746363
0.349458349458349
0.368919368919369
0.393963393963394
0.395566395566396
0.378624378624379
0.36973336973337
0.374976374976375
0.407262407262407
0.412858412858413
0.441372441372441
0.428221428221428
0.389394389394389
0.367100367100367
0.395154395154395
0.406449406449406
0.394931394931395
0.385582385582386
0.445328445328445
0.437878437878438
0.431526431526432
0.417514417514418
0.401621401621402
0.394637394637395
0.409369409369409
0.380836380836381
0.440662440662441
0.432620432620433
0.453035453035453
0.44000044000044
0.441328441328441
0.514278514278514
0.564584564584565
0.531666531666532
0.423295423295423
0.483904483904484
0.498654498654499
0.479255479255479
0.386200386200386
0.376527376527377
0.348824348824349
0.363812363812364
0.357327357327357
0.368359368359368
0.357139357139357
0.352807352807353
0.355406355406355
0.375502375502376
0.37010337010337
0.363721363721364
0.363115363115363
0.375346375346375
0.38956138956139
0.41023341023341
0.406223406223406
0.3999193999194
0.410669410669411
0.41024841024841
0.41984741984742
0.407155407155407
0.414991414991415
0.437985437985438
0.410522410522411
0.410955410955411
0.395805395805396
0.394526394526394
0.397718397718398
0.424924424924425
0.400756400756401
0.38988338988339
0.404811404811405
0.388502388502388
0.398133398133398
0.4000704000704
0.41991141991142
0.487360487360487
0.451644451644452
0.391571391571392
0.449040449040449
0.391921391921392
0.373113373113373
0.402830402830403
0.420717420717421
0.372423372423372
0.363609363609364
0.37961637961638
0.439431439431439
0.443441443441443
0.428067428067428
0.273473273473273
0.393130393130393
0.430746430746431
0.415521415521416
0.435245435245435
0.44979044979045
0.436246436246436
0.436512436512437
0.403178403178403
0.442396442396442
0.437062437062437
0.463786463786464
0.513367513367513
0.488909488909489
0.421467421467421
0.396785396785397
0.361013361013361
0.357510357510358
0.365275365275365
0.35032635032635
0.355305355305355
0.347806347806348
0.345345345345345
0.345574345574346
0.373535373535374
0.371811371811372
0.355541355541356
0.365229365229365
0.383464383464383
0.382184382184382
0.383124383124383
0.365561365561366
0.370529370529371
0.386334386334386
0.39021839021839
0.429174429174429
0.470760470760471
0.466103466103466
0.492972492972493
0.495868495868496
0.436359436359436
0.381251381251381
0.402972402972403
0.434340434340434
0.396597396597397
0.393187393187393
0.372227372227372
0.353957353957354
0.362904362904363
0.385577385577386
0.377144377144377
0.359299359299359
0.357365357365357
0.355630355630356
0.393223393223393
0.371908371908372
0.345435345435345
0.347389347389347
0.363753363753364
0.371001371001371
0.365744365744366
0.371290371290371
0.360771360771361
0.348594348594349
0.374596374596375
0.433385433385433
0.455184455184455
0.44006844006844
0.374247374247374
0.443035443035443
0.426644426644427
0.387035387035387
0.415174415174415
0.403823403823404
0.366848366848367
0.401497401497402
0.424240424240424
0.436218436218436
0.433618433618434
0.406872406872407
0.381368381368381
0.386886386886387
0.382576382576383
0.359183359183359
0.359222359222359
0.387061387061387
0.444536444536445
0.453837453837454
0.480645480645481
0.452040452040452
0.437328437328437
0.420843420843421
0.397096397096397
0.486091486091486
0.435368435368435
0.508015508015508
0.479411479411479
0.456007456007456
0.482048482048482
0.413784413784414
0.388480388480388
0.378364378364378
0.382225382225382
0.436255436255436
0.430499430499431
0.417660417660418
0.46013446013446
0.451971451971452
0.409135409135409
0.369461369461369
0.352798352798353
0.372459372459372
0.362917362917363
0.397000397000397
0.397637397637398
0.414201414201414
0.437823437823438
0.466287466287466
0.47956747956748
0.43029043029043
0.384116384116384
0.415577415577416
0.416278416278416
0.447824447824448
0.421744421744422
0.425658425658426
0.411886411886412
0.38014438014438
0.382263382263382
0.411254411254411
0.372326372326372
0.384686384686385
0.386365386365386
0.458610458610459
0.433692433692434
0.37038637038637
0.41012041012041
0.452071452071452
0.440599440599441
0.32981132981133
0.440969440969441
0.414900414900415
0.425153425153425
0.366729366729367
0.356184356184356
0.384128384128384
0.398030398030398
0.403471403471403
0.401818401818402
0.410542410542411
0.393959393959394
0.393203393203393
0.385615385615386
0.364776364776365
0.408425408425408
0.386740386740387
0.375813375813376
0.375306375306375
0.373831373831374
0.397007397007397
0.407781407781408
0.391188391188391
0.368984368984369
0.404190404190404
0.387134387134387
0.38040438040438
0.388200388200388
0.406028406028406
0.37991837991838
0.354736354736355
0.356865356865357
0.343820343820344
0.354566354566355
0.384484384484384
0.413057413057413
0.378088378088378
0.344637344637345
0.352917352917353
0.356095356095356
0.337241337241337
0.378901378901379
0.358107358107358
0.354293354293354
0.367834367834368
0.376245376245376
0.370828370828371
0.369025369025369
0.395767395767396
0.41022841022841
0.402846402846403
0.402982402982403
0.420579420579421
0.405530405530406
0.37033637033637
0.416424416424416
0.421198421198421
0.427086427086427
0.381894381894382
0.38037438037438
0.361922361922362
0.372478372478372
0.372583372583373
0.372554372554373
0.36990536990537
0.345124345124345
0.345278345278345
0.342748342748343
0.342913342913343
0.345028345028345
0.361208361208361
0.388034388034388
0.39046839046839
0.393484393484393
0.393673393673394
0.388822388822389
0.378378378378378
0.405881405881406
0.425007425007425
0.425376425376425
0.418988418988419
0.395907395907396
0.421208421208421
0.4000944000944
0.392105392105392
0.423361423361423
0.384514384514385
0.419006419006419
0.456270456270456
0.422466422466422
0.416803416803417
0.376519376519377
0.378073378073378
0.435403435403435
0.460678460678461
0.443620443620444
0.51021851021851
0.549232549232549
0.555879555879556
0.507179507179507
0.42024842024842
0.397076397076397
0.401667401667402
0.377350377350377
0.408558408558409
0.387348387348387
0.411703411703412
0.394308394308394
0.374225374225374
0.350891350891351
0.351464351464351
0.349134349134349
0.355044355044355
0.375845375845376
0.387853387853388
0.387436387436387
0.412764412764413
0.380629380629381
0.39029739029739
0.406440406440406
0.37978137978138
0.374853374853375
0.395365395365395
0.35961635961636
0.358241358241358
0.398112398112398
0.438030438030438
0.45968545968546
0.447696447696448
0.447815447815448
0.431145431145431
0.44012444012444
0.415191415191415
0.398527398527399
0.389227389227389
0.398705398705399
0.377314377314377
0.353965353965354
0.38972738972739
0.395128395128395
0.403763403763404
0.406032406032406
0.387822387822388
0.385071385071385
0.368309368309368
0.405394405394405
0.391596391596392
0.407979407979408
0.409252409252409
0.404551404551405
0.408908408908409
0.445359445359445
0.428902428902429
0.346476346476346
0.418837418837419
0.430734430734431
0.454125454125454
0.450538450538451
0.431745431745432
0.436307436307436
0.424517424517425
0.442478442478442
0.452745452745453
0.396915396915397
0.391287391287391
0.375972375972376
0.348558348558349
0.356987356987357
0.398829398829399
0.39016839016839
0.395497395497395
0.430848430848431
0.409503409503409
0.43049343049343
0.382289382289382
0.408759408759409
0.41951041951042
0.465521465521466
0.444101444101444
0.385253385253385
0.417077417077417
0.390532390532391
0.376520376520377
0.413746413746414
0.421970421970422
0.473567473567474
0.405629405629406
0.448863448863449
0.456642456642457
0.435945435945436
0.472690472690473
0.508396508396508
0.514121514121514
0.507217507217507
0.434509434509435
0.477709477709478
0.482571482571483
0.545021545021545
0.52010852010852
0.538239538239538
0.560781560781561
0.53980353980354
0.427885427885428
0.45988945988946
0.403144403144403
0.443757443757444
0.38982538982539
0.433535433535434
0.436183436183436
0.425084425084425
0.4004244004244
0.362272362272362
0.389248389248389
0.438073438073438
0.449230449230449
0.442426442426442
0.427051427051427
0.417423417423417
0.4001064001064
0.39012439012439
0.391719391719392
0.365245365245365
0.378558378558379
0.40960940960941
0.397595397595398
0.405768405768406
0.403967403967404
0.392929392929393
0.3996253996254
0.398078398078398
0.399302399302399
0.426279426279426
0.434704434704435
0.404269404269404
0.400506400506401
0.403785403785404
0.405403405403405
0.431799431799432
0.38982538982539
0.38972238972239
0.382962382962383
0.231524231524232
0.464432464432464
0.435542435542436
0.423468423468423
0.393196393196393
0.351103351103351
0.417593417593418
0.385137385137385
0.452595452595453
0.366610366610367
0.386123386123386
0.365547365547366
0.37028737028737
0.356030356030356
0.344464344464344
0.343861343861344
0.351003351003351
0.362938362938363
0.381404381404381
0.392826392826393
0.380919380919381
0.37984537984538
0.402373402373402
0.393376393376393
0.355549355549356
0.354479354479354
0.359416359416359
0.387633387633388
0.42999442999443
0.473962473962474
0.487010487010487
0.4995654995655
0.413921413921414
0.434484434484434
0.404250404250404
0.42990142990143
0.397684397684398
0.463722463722464
0.489186489186489
0.450912450912451
0.414645414645415
0.366321366321366
0.374385374385374
0.393192393192393
0.400651400651401
0.419138419138419
0.450527450527451
0.392232392232392
0.375685375685376
0.391362391362391
0.389092389092389
0.395461395461395
0.415768415768416
0.420883420883421
0.390661390661391
0.415414415414415
0.441587441587442
0.467647467647468
0.404725404725405
0.426762426762427
0.478634478634479
0.450765450765451
0.458351458351458
0.460818460818461
0.418073418073418
0.377218377218377
0.390736390736391
0.37029037029037
0.375632375632376
0.404490404490405
0.421659421659422
0.403676403676404
0.422451422451422
0.422638422638423
0.415454415454415
0.378047378047378
0.422981422981423
0.422939422939423
0.434678434678435
0.448819448819449
0.418437418437418
0.444131444131444
0.439457439457439
0.442652442652443
0.482568482568483
0.426111426111426
0.37031737031737
0.440917440917441
0.444367444367444
0.455924455924456
0.470659470659471
0.442117442117442
0.55970955970956
0.510147789515416
0.515193515193515
0.537349537349537
0.536926536926537
0.473199473199473
0.401241401241401
0.382163382163382
0.421604421604422
0.400561400561401
0.445469445469445
0.424752424752425
0.414779414779415
0.43013143013143
0.436202436202436
0.408460408460408
0.4002144002144
0.415764415764416
0.382216382216382
0.453457453457453
0.424223424223424
0.432956432956433
0.40974040974041
0.371286371286371
0.364159364159364
0.35980435980436
0.352694352694353
0.352487352487353
0.363914363914364
0.396229396229396
0.366455366455366
0.365597365597366
0.383996383996384
0.375094375094375
0.412335412335412
0.418199418199418
0.426588426588427
0.416787416787417
0.414468414468414
0.356578356578357
0.351418351418351
0.364186364186364
0.368068368068368
0.368111368111368
0.375256375256375
0.403937403937404
0.477814477814478
0.476332476332476
0.447602447602448
0.462329462329462
0.396561396561397
0.364700364700365
0.300754300754301
0.188662188662189
0.361887361887362
0.379168379168379
0.446883446883447
0.389091389091389
0.401580401580402
0.444351444351444
0.505347505347505
0.467443467443467
0.476785476785477
0.52961652961653
0.505755505755506
0.499076499076499
0.503374503374503
0.496952496952497
0.461795461795462
0.506221506221506
0.465888465888466
0.462617462617463
0.44046144046144
0.435105435105435
0.464933464933465
0.455663455663456
0.422591422591423
0.428580428580429
0.401872401872402
0.367559367559368
0.358398358398358
0.388699388699389
0.381421381421381
0.363931363931364
0.391180391180391
0.402441402441402
0.362269362269362
0.361667361667362
0.368991368991369
0.352229352229352
0.371002371002371
0.396460396460396
0.407126407126407
0.405508405508406
0.391303391303391
0.315004315004315
0.356017356017356
0.354350354350354
0.348782348782349
0.377287377287377
0.381467381467381
0.392660392660393
0.370841370841371
0.36042336042336
0.355821355821356
0.36978736978737
0.397730397730398
0.391865391865392
0.382763382763383
0.396670396670397
0.416484416484416
0.422424422424422
0.445727445727446
0.414186414186414
0.421640421640422
0.44999144999145
0.486604486604487
0.466362466362466
0.491592491592492
0.452685452685453
0.40991840991841
0.41968941968942
0.41952441952442
0.407291407291407
0.44037544037544
0.467253467253467
0.384237384237384
0.42032242032242
0.41993041993042
0.436910436910437
0.431807431807432
0.417810417810418
0.444036444036444
0.441080441080441
0.405748405748406
0.427194427194427
0.469073469073469
0.474809474809475
0.427842427842428
0.439434439434439
0.490576490576491
0.409259409259409
0.434698434698435
0.404928404928405
0.376996376996377
0.394827394827395
0.423325423325423
0.421971421971422
0.397664397664398
0.374947374947375
0.372517372517372
0.354938354938355
0.358916358916359
0.392992392992393
0.367428367428367
0.365576365576366
0.374875374875375
0.366097366097366
0.369281369281369
0.391205391205391
0.392663392663393
0.396627396627397
0.36967036967037
0.384490384490384
0.393674393674394
0.434478434478434
0.414099414099414
0.374867374867375
0.357143357143357
0.377340377340377
0.36965036965037
0.366703366703367
0.361032361032361
0.394612394612395
0.375135375135375
0.374011374011374
0.382202382202382
0.385254385254385
0.394166394166394
0.437566437566438
0.471503471503471
0.457728457728458
0.434664434664435
0.482362482362482
0.483656483656484
0.47030447030447
0.380719380719381
0.471425471425471
0.472892472892473
0.418409418409418
0.368935368935369
0.350675350675351
0.356149356149356
0.365955365955366
0.393946393946394
0.4000454000454
0.396096396096396
0.397156397156397
0.386334386334386
0.398725398725399
0.402489402489402
0.38960838960839
0.375593375593376
0.371752371752372
0.355952355952356
0.351648351648352
0.353539353539354
0.392908392908393
0.382681382681383
0.356114356114356
0.361560361560362
0.367945367945368
0.352805352805353
0.357325357325357
0.37025037025037
0.349262349262349
0.344058344058344
0.35008935008935
0.347466347466347
0.360603360603361
0.38010038010038
0.365253365253365
0.354942354942355
0.385026385026385
0.406267406267406
0.414001414001414
0.416012416012416
0.411968411968412
0.382299382299382
0.4000374000374
0.384014384014384
0.391002391002391
0.397228397228397
0.392489392489393
0.391747391747392
0.43012943012943
0.414229414229414
0.420492420492421
0.421881421881422
0.446328446328446
0.436745436745437
0.464051464051464
0.473011473011473
0.441900441900442
0.474052474052474
0.459377459377459
0.433360433360433
0.424059424059424
0.464922464922465
0.436196436196436
0.432368432368432
0.463089463089463
0.46996546996547
0.45991245991246
0.474507474507475
0.487671487671488
0.489529489529489
0.411080411080411
0.409305409305409
0.425619425619426
0.445904445904446
0.451072451072451
0.490629490629491
0.476464476464476
0.494448259468596
0.406762406762407
0.422787422787423
0.425318425318425
0.407982407982408
0.396432396432396
0.425906425906426
0.41992741992742
0.408637408637409
0.434600434600435
0.42013642013642
0.40964840964841
0.427984427984428
0.43002643002643
0.391117391117391
0.399481399481399
0.384507384507385
0.368226368226368
0.390823390823391
0.388843388843389
0.356752356752357
0.378193378193378
0.399388399388399
0.409508409508409
0.390538390538391
0.401752401752402
0.401015401015401
0.418467418467418
0.409120409120409
0.386632386632387
0.393703393703394
0.394371394371394
0.408822408822409
0.404172404172404
0.415553415553416
0.41020941020941
0.358941358941359
0.350884350884351
0.342732342732343
0.343198343198343
0.344673344673345
0.366661366661367
0.375853375853376
0.368954368954369
0.345913345913346
0.337281337281337
0.346022346022346
0.342821342821343
0.348994348994349
0.348046348046348
0.347101347101347
0.334871334871335
0.344780344780345
0.344391344391344
0.352663352663353
0.384025384025384
0.381592381592382
0.376691376691377
0.374730374730375
0.37994037994038
0.372591372591373
0.376988376988377
0.384537384537385
0.356242356242356
0.345532345532346
0.34000034000034
0.348297348297348
0.348082348082348
0.292825292825293
0.344219344219344
0.345400345400345
0.341881341881342
0.348940348940349
0.364477364477364
0.361020361020361
0.361565361565362
0.368912368912369
0.410857410857411
0.395246395246395
0.38951538951539
0.415805415805416
0.436549436549437
0.428266428266428
0.410523410523411
0.36977736977737
0.388983388983389
0.36004136004136
0.359371359371359
0.376444376444376
0.395850395850396
0.372596372596373
0.387599387599388
0.426491426491426
0.458134458134458
0.408931408931409
0.48953148953149
0.418762418762419
0.391122391122391
0.434586434586435
0.394507394507394
0.465926465926466
0.463542463542464
0.391153391153391
0.366474366474366
0.348757348757349
0.349005349005349
0.357292357292357
0.375354375354375
0.393878393878394
0.390758390758391
0.377190377190377
0.411969411969412
0.422308422308422
0.385655385655386
0.380969380969381
0.377016377016377
0.388323388323388
0.362091362091362
0.345295345295345
0.347023347023347
0.341403341403341
0.354696354696355
0.381807381807382
0.355612355612356
0.348675348675349
0.356116356116356
0.374620374620375
0.414359414359414
0.404259404259404
0.400848400848401
0.393854393854394
0.397059397059397
0.418367418367418
0.402222402222402
0.395790395790396
0.394170394170394
0.3995363995364
0.382382382382382
0.403070403070403
0.39021539021539
0.381908381908382
0.416300416300416
0.445766445766446
0.402806402806403
0.386069386069386
0.406483406483406
0.457740457740458
0.432951432951433
0.411788411788412
0.410904410904411
0.448917448917449
0.457159457159457
0.453082453082453
0.438955438955439
0.473512473512473
0.434618434618435
0.387596387596388
0.379528379528379
0.385670385670386
0.378252378252378
0.352835352835353
0.356712356712357
0.366490366490366
0.365220365220365
0.368638368638369
0.403387403387403
0.421293421293421
0.434296434296434
0.454024454024454
0.430883430883431
0.456949456949457
0.450876450876451
0.465472465472465
0.446111446111446
0.431065431065431
0.413308413308413
0.454698454698455
0.486479486479486
0.486185486185486
0.471184471184471
0.484048484048484
0.508982508982509
0.56980456980457
0.469431469431469
0.379199379199379
0.406216406216406
0.391897391897392
0.421652421652422
0.41951041951042
0.410556410556411
0.434967434967435
0.426192426192426
0.421545421545422
0.447939447939448
0.422835422835423
0.404717404717405
0.415389415389415
0.381868381868382
0.367744367744368
0.372685372685373
0.389451389451389
0.396620396620397
0.451281451281451
0.465195465195465
0.451518451518451
0.429397429397429
0.419047419047419
0.435522435522436
0.382118382118382
0.372232372232372
0.394541394541395
0.376838376838377
0.396125396125396
0.41020541020541
0.415922415922416
0.394322394322394
0.366145366145366
0.395402395402395
0.382242382242382
0.403583403583404
0.410556410556411
0.415608415608416
0.406389406389406
0.410865410865411
0.410896410896411
0.432934432934433
0.43003643003643
0.464518464518465
0.457997457997458
0.433747433747434
0.446871446871447
0.441035441035441
0.466966466966467
0.413493413493414
0.421553421553422
0.421465421465421
0.4997614997615
0.493005493005493
0.418280418280418
0.428421428421428
0.482637482637483
0.45029845029845
0.432088432088432
0.422144422144422
0.416201416201416
0.435893435893436
0.41005341005341
0.431645431645432
0.417763417763418
0.383001383001383
0.434370434370434
0.464686464686465
0.468577468577469
0.441683441683442
0.42975642975643
0.443999443999444
0.391218391218391
0.385922385922386
0.395543395543396
0.383295383295383
0.406131406131406
0.437164437164437
0.429320429320429
0.458517458517459
0.423346606648199
0.538192538192538
0.577248577248577
0.550483550483551
0.493805493805494
0.515886515886516
0.45989045989046
0.413297413297413
0.412698412698413
0.416961416961417
0.437522437522437
0.447299447299447
0.485139485139485
0.463200463200463
0.420605420605421
0.438095438095438
0.465880465880466
0.462204462204462
0.434984434984435
0.445280445280445
0.449390449390449
0.427426427426427
0.43957343957344
0.440546440546441
0.450867450867451
0.437687437687438
0.426436426436426
0.417011417011417
0.476889476889477
0.492374492374492
0.48984648984649
0.505960505960506
0.45984645984646
0.417478417478417
0.423994423994424
0.353477353477353
0.257153257153257
0.398124398124398
0.435582435582436
0.47028347028347
0.457510457510457
0.418659418659419
0.395394395394395
0.4003624003624
0.432547432547433
0.438955438955439
0.447795447795448
0.495146495146495
0.448362448362448
0.373605373605374
0.366369366369366
0.361211361211361
0.368779368779369
0.362324362324362
0.37008637008637
0.41016941016941
0.467364467364467
0.504734504734505
0.468859468859469
0.442185442185442
0.477506477506478
0.425884425884426
0.41039641039641
0.425941425941426
0.434499434499435
0.443793443793444
0.365044365044365
0.412180412180412
0.425612425612426
0.427879427879428
0.414839414839415
0.475312475312475
0.418287418287418
0.434040434040434
0.491866491866492
0.537656537656538
0.487769487769488
0.508908508908509
0.54000054000054
0.546062546062546
0.456788456788457
0.519443519443519
0.479145479145479
0.469410469410469
0.495677495677496
0.454855454855455
0.464311464311464
0.511609511609512
0.468821468821469
0.459388459388459
0.433696433696434
0.424772424772425
0.412064412064412
0.3995743995744
0.405825405825406
0.434429434429434
0.454092454092454
0.510886510886511
0.483797483797484
0.466456466456466
0.437739437739438
0.411778411778412
0.328782328782329
0.454287454287454
0.476190476190476
0.413410413410413
0.440740440740441
0.442694442694443
0.438235438235438
0.447592447592448
0.435200435200435
0.437568437568438
0.441784441784442
0.485406485406485
0.478717478717479
0.467020467020467
0.456178456178456
0.491024491024491
0.476821476821477
0.492765492765493
0.4997404997405
0.437540437540438
0.446305446305446
0.454092454092454
0.474078474078474
0.506088506088506
0.421172421172421
0.372228372228372
0.356891356891357
0.373165373165373
0.399047399047399
0.416342416342416
0.463860463860464
0.442175442175442
0.419343419343419
0.417669417669418
0.402778402778403
0.433896433896434
0.430518430518431
0.42968042968043
0.428484428484428
0.435707435707436
0.434962434962435
0.428117428117428
0.381408381408381
0.372159372159372
0.381175381175381
0.457577457577458
0.491702491702492
0.514836514836515
0.512262512262512
0.504569504569505
0.4998024998025
0.508609508609509
0.516299516299516
0.51040051040051
0.553127553127553
0.536318536318536
0.418749418749419
0.365783365783366
0.390561390561391
0.416368416368416
0.376326376326376
0.398870398870399
0.398796398796399
0.417807417807418
0.426389426389426
0.410755410755411
0.426405426405426
0.424006424006424
0.437058437058437
0.438687438687439
0.408205408205408
0.421473421473421
0.416861416861417
0.423710423710424
0.402284402284402
0.39014739014739
0.396508396508397
0.372727372727373
0.352471352471352
0.346257346257346
0.361763361763362
0.403069403069403
0.368097368097368
0.358632358632359
0.386813386813387
0.414703414703415
0.423400423400423
0.412450412450412
0.367923367923368
0.367285367285367
0.355947355947356
0.378007378007378
0.363630363630364
0.361447361447361
0.404780404780405
0.44025744025744
0.435266435266435
0.445964445964446
0.447376447376447
0.440516440516441
0.422840422840423
0.387640387640388
0.367778367778368
0.37978037978038
0.325323325323325
0.385349385349385
0.395998395998396
0.43036643036643
0.435649435649436
0.405403405403405
0.362058362058362
0.391787391787392
0.422333422333422
0.39017639017639
0.355338355338355
0.347594347594348
0.342626342626343
0.350764350764351
0.354953354953355
0.373935373935374
0.38039438039438
0.35027835027835
0.369078369078369
0.398004398004398
0.398601398601399
0.412711412711413
0.450633450633451
0.391811391811392
0.455807455807456
0.4996624996625
0.513289513289513
0.591154591154591
0.545938545938546
0.555434555434555
0.541032541032541
0.531106531106531
0.49023949023949
0.482064482064482
0.478714478714479
0.44957244957245
0.521683521683522
0.499286499286499
0.467575467575468
0.504186504186504
0.502549502549503
0.478502478502479
0.499132499132499
0.524377524377524
0.544153544153544
0.507766507766508
0.385725385725386
0.409461409461409
0.412984412984413
0.413637413637414
0.251872251872252
0.419064419064419
0.446625446625447
0.472674472674473
0.442931442931443
0.428809428809429
0.484325484325484
0.468026468026468
0.468768468768469
0.505316505316505
0.422828422828423
0.477133477133477
0.512967512967513
0.464080464080464
0.494710494710495
0.504310504310504
0.440530440530441
0.434214434214434
0.518519518519518
0.497105497105497
0.506077506077506
0.495048495048495
0.522981522981523
0.523702523702524
0.502625502625503
0.436980436980437
0.448138448138448
0.497341497341497
0.505567505567506
0.471478471478471
0.440608440608441
0.474681474681475
0.435866435866436
0.447292447292447
0.44997144997145
0.468252468252468
0.445182445182445
0.432500432500432
0.394275394275394
0.36990436990437
0.381361381361381
0.391977391977392
0.404072404072404
0.384549384549385
0.387162387162387
0.397347397347397
0.372493372493372
0.385711385711386
0.406696406696407
0.438261438261438
0.426173426173426
0.433826433826434
0.417909417909418
0.413940413940414
0.413738413738414
0.450934450934451
0.452166452166452
0.453067453067453
0.472357472357472
0.493287493287493
0.462952462952463
0.448744448744449
0.445712445712446
0.476254476254476
0.468473468473468
0.451017451017451
0.395978395978396
0.443445443445443
0.425269425269425
0.427482427482427
0.464974464974465
0.449176449176449
0.47036947036947
0.44978244978245
0.467196467196467
0.46981846981847
0.484521484521485
0.470655470655471
0.45021045021045
0.408077408077408
0.423049423049423
0.383235383235383
0.4000844000844
0.479297479297479
0.474881474881475
0.466271466271466
0.442351442351442
0.449386449386449
0.538783538783539
0.511824511824512
0.539261539261539
0.285171285171285
0.394907394907395
0.375987375987376
0.357753357753358
0.377574377574378
0.371570371570372
0.351925351925352
0.349076349076349
0.348669348669349
0.351055351055351
0.344642344642345
0.355333355333355
0.365113365113365
0.392750392750393
0.368866368866369
0.365270365270365
0.395462395462395
0.370719370719371
0.414036414036414
0.442913442913443
0.431287431287431
0.433273433273433
0.418942418942419
0.444282444282444
0.431007431007431
0.422770422770423
0.432348432348432
0.418873418873419
0.420779420779421
0.491200491200491
0.487407487407487
0.524385524385524
0.524326524326524
0.498178498178498
0.439358439358439
0.478272478272478
0.504702504702505
0.473312473312473
0.498128498128498
0.492729492729493
0.495249495249495
0.471705471705472
0.447931447931448
0.463730463730464
0.423567423567424
0.468111468111468
0.474538474538475
0.472889472889473
0.455018455018455
0.443323443323443
0.42005742005742
0.45971545971546
0.458699458699459
0.517507517507517
0.514845514845515
0.515267515267515
0.447604447604448
0.476974476974477
0.498942498942499
0.512922512922513
0.490628490628491
0.504761504761505
0.510994510994511
0.493381493381493
0.476025476025476
0.505768505768506
0.521290521290521
0.426039426039426
0.376469376469377
0.378360378360378
0.4004664004664
0.378279378279378
0.39027539027539
0.446016446016446
0.387579387579388
0.392585392585393
0.397969397969398
0.41044141044141
0.381288381288381
0.395605395605396
0.410882410882411
0.417778417778418
0.42001942001942
0.428342428342428
0.396080396080396
0.376613376613377
0.383965383965384
0.407002407002407
0.412255412255412
0.382389382389382
0.363593363593364
0.364737364737365
0.363203363203363
0.363390363390363
0.393228393228393
0.378131378131378
0.357809357809358
0.357660357660358
0.361775361775362
0.367881367881368
0.366597366597367
0.369496369496369
0.398471398471398
0.467097467097467
0.442087442087442
0.408600408600409
0.383097383097383
0.392456392456392
0.406962406962407
0.392572392572393
0.414244414244414
0.445097445097445
0.473968473968474
0.401298401298401
0.390675390675391
0.398526398526398
0.44022644022644
0.424275424275424
0.396041396041396
0.394260394260394
0.384382384382384
0.237360237360237
0.383594383594384
0.396315396315396
0.402153402153402
0.386924386924387
0.37998937998938
0.406548406548407
0.45035745035745
0.410569410569411
0.444191444191444
0.423472423472423
0.395427395427395
0.407882407882408
0.388867388867389
0.384241384241384
0.371938371938372
0.386017386017386
0.366888366888367
0.371429371429371
0.366100366100366
0.362194362194362
0.362993362993363
0.358133358133358
0.369282369282369
0.365799365799366
0.359100359100359
0.358859358859359
0.355425355425355
0.357530357530358
0.362928362928363
0.363591363591364
0.360605360605361
0.358539358539359
0.371811371811372
0.371889371889372
0.371083371083371
0.357999357999358
0.386980386980387
0.414570414570415
0.3996623996624
0.404481404481404
0.406837406837407
0.373267373267373
0.376004376004376
0.411386411386411
0.390892390892391
0.382638382638383
0.403222403222403
0.387663387663388
0.391632391632392
0.376642376642377
0.347024347024347
0.392968392968393
0.355926355926356
0.374809374809375
0.396740396740397
0.440959440959441
0.415419415419415
0.361275361275361
0.366683366683367
0.395123395123395
0.385589385589386
0.365799365799366
0.359190359190359
0.356137356137356
0.364981364981365
0.410636410636411
0.425719425719426
0.394047394047394
0.390583390583391
0.411560411560412
0.405845405845406
0.418748418748419
0.411781411781412
0.402297402297402
0.381861381861382
0.387986387986388
0.397823397823398
0.387060387060387
0.375410375410375
0.373935373935374
0.344425344425344
0.376400376400376
0.376839376839377
0.372387372387372
0.387314387314387
0.398545398545399
0.408613408613409
0.425226425226425
0.403003403003403
0.478121478121478
0.51986651986652
0.39007439007439
