Category	Term	Count	%	PValue	Genes	List Total	Pop Hits	Pop Total	Fold Enrichment	Bonferroni	Benjamini	FDR
PIR_SUPERFAMILY	PIRSF038651:G protein-coupled olfactory receptor, class I	26	7.084468664850137	7.85854701651712E-30	79473, 119678, 119679, 390081, 23538, 390077, 390078, 283111, 390075, 79339, 390054, 390072, 390059, 390058, 390079, 282763, 340980, 390061, 390063, 390064, 390083, 390066, 79345, 390067, 338751, 387748	148	50	7098	24.938918918918922	9.273085479490202E-28	9.273085479490202E-28	8.993622150899147E-27
GOTERM_MF_FAT	GO:0004984~olfactory receptor activity	40	10.899182561307901	7.387057394496378E-20	390265, 283160, 79473, 390264, 119678, 119679, 219865, 390081, 26595, 23538, 390077, 390078, 283111, 390075, 79339, 390072, 283159, 390054, 390059, 219858, 390058, 390079, 390271, 390275, 282763, 219870, 340980, 390061, 390063, 390064, 390083, 390084, 390066, 390067, 79345, 338751, 219869, 26493, 26494, 283162, 387748	231	352	12441	6.12012987012987	2.5485348011012504E-17	2.5485348011012504E-17	1.0081509311957566E-16
INTERPRO	IPR000725:Olfactory receptor	39	10.626702997275205	3.0021523375438516E-19	390265, 283160, 79473, 390264, 119678, 119679, 219865, 390081, 26595, 23538, 390077, 390078, 283111, 390075, 79339, 390072, 283159, 390054, 390059, 219858, 390058, 390079, 390275, 282763, 219870, 340980, 390061, 390063, 390064, 390083, 390084, 390066, 390067, 79345, 338751, 219869, 26493, 26494, 283162, 387748	288	350	15967	6.177708333333333	1.414013750983154E-16	1.414013750983154E-16	4.2868931064713287E-16
SP_PIR_KEYWORDS	olfaction	39	10.626702997275205	4.550815220593752E-19	390265, 283160, 79473, 390264, 119678, 119679, 219865, 390081, 26595, 23538, 390077, 390078, 283111, 390075, 79339, 390072, 283159, 390054, 390059, 219858, 390058, 390079, 390271, 390275, 282763, 219870, 340980, 390061, 390063, 390064, 390083, 390066, 390067, 79345, 338751, 219869, 26493, 26494, 283162, 387748	326	357	18353	6.150152085374026	1.374346196619313E-16	1.374346196619313E-16	6.08742564291791E-16
GOTERM_BP_FAT	GO:0007608~sensory perception of smell	39	10.626702997275205	1.185637565076289E-17	390265, 283160, 79473, 390264, 119678, 119679, 219865, 390081, 26595, 23538, 390077, 390078, 283111, 390075, 79339, 390072, 283159, 390054, 390059, 219858, 390058, 390079, 390271, 390275, 282763, 219870, 340980, 390061, 390063, 390064, 390083, 390066, 390067, 79345, 338751, 219869, 26493, 26494, 283162, 387748	247	374	12981	5.480298339431466	1.5721554112911592E-14	1.5721554112911592E-14	1.940592382636241E-14
SP_PIR_KEYWORDS	sensory transduction	44	11.989100817438691	8.72227059682348E-17	390265, 283160, 79473, 390264, 5950, 119678, 5146, 119679, 219865, 762, 390081, 26595, 54714, 23538, 390077, 390078, 390075, 283111, 79339, 390072, 283159, 390054, 390059, 84059, 219858, 390058, 390079, 390271, 390275, 282763, 219870, 340980, 390061, 390063, 390064, 390083, 390066, 79345, 390067, 338751, 219869, 26493, 26494, 283162, 387748	326	538	18353	4.6042602686614815	3.352873534367973E-14	1.6764367671839864E-14	1.4432899320127035E-13
GOTERM_BP_FAT	GO:0007606~sensory perception of chemical stimulus	39	10.626702997275205	6.321064443620821E-16	390265, 283160, 79473, 390264, 119678, 119679, 219865, 390081, 26595, 23538, 390077, 390078, 283111, 390075, 79339, 390072, 283159, 390054, 390059, 219858, 390058, 390079, 390271, 390275, 282763, 219870, 340980, 390061, 390063, 390064, 390083, 390066, 390067, 79345, 338751, 219869, 26493, 26494, 283162, 387748	247	419	12981	4.891722145459113	8.832934383917745E-13	4.4164671919588727E-13	1.0880185641326534E-12
KEGG_PATHWAY	hsa04740:Olfactory transduction	38	10.354223433242508	6.874015473252191E-16	390265, 283160, 79473, 390264, 119678, 119679, 219865, 390081, 23538, 390077, 390078, 283111, 390075, 79339, 390072, 283159, 390054, 390059, 219858, 390058, 390079, 390275, 282763, 219870, 340980, 390061, 390063, 390064, 390083, 390066, 390084, 390067, 79345, 338751, 219869, 26493, 26494, 283162, 387748	113	363	4949	4.584753406957751	6.061817714453355E-14	6.061817714453355E-14	7.216449660063518E-13
INTERPRO	IPR017452:GPCR, rhodopsin-like superfamily	43	11.716621253405995	2.964155280556262E-13	390265, 283160, 79473, 390264, 119678, 119679, 219865, 338557, 390081, 124274, 26595, 23538, 390077, 390078, 390075, 283111, 79339, 390072, 283159, 390054, 390059, 219858, 390058, 390079, 390271, 390275, 282763, 10888, 219870, 340980, 390061, 390063, 390064, 390083, 390084, 390066, 390067, 79345, 338751, 219869, 26493, 26494, 283162, 387748	288	640	15967	3.724940321180555	1.396183169077858E-10	6.98091584538929E-11	4.232836303685872E-10
INTERPRO	IPR000276:7TM GPCR, rhodopsin-like	43	11.716621253405995	3.1018055182742E-13	390265, 283160, 79473, 390264, 119678, 119679, 219865, 338557, 390081, 124274, 26595, 23538, 390077, 390078, 390075, 283111, 79339, 390072, 283159, 390054, 390059, 219858, 390058, 390079, 390271, 390275, 282763, 10888, 219870, 340980, 390061, 390063, 390064, 390083, 390084, 390066, 390067, 79345, 338751, 219869, 26493, 26494, 283162, 387748	288	641	15967	3.71912918183394	1.4610246346080658E-10	4.870082115360219E-11	4.429456801346987E-10
SP_PIR_KEYWORDS	transducer	46	12.534059945504087	4.970588120360846E-12	390265, 283160, 79473, 390264, 119678, 119679, 219865, 338557, 390081, 124274, 26595, 23538, 390077, 390078, 390075, 283111, 51196, 79339, 390072, 283159, 390054, 390059, 84059, 219858, 390058, 390079, 390271, 390275, 282763, 10888, 219870, 340980, 390061, 390063, 390064, 390083, 390084, 390066, 79345, 390067, 338751, 219869, 26493, 26494, 283162, 8471, 387748	326	795	18353	3.25746807115021	1.501115010071885E-9	5.003716330165275E-10	6.64892585433563E-9
SP_PIR_KEYWORDS	g-protein coupled receptor	44	11.989100817438691	6.342311202265714E-12	390265, 283160, 79473, 390264, 119678, 119679, 219865, 338557, 390081, 124274, 26595, 23538, 390077, 390078, 390075, 283111, 79339, 390072, 283159, 390054, 390059, 84059, 219858, 390058, 390079, 390271, 390275, 282763, 10888, 219870, 340980, 390061, 390063, 390064, 390083, 390084, 390066, 390067, 79345, 338751, 219869, 26493, 26494, 283162, 387748	326	739	18353	3.351951318727845	1.915362535243048E-9	4.78840633810762E-10	8.483758140442887E-9
PIR_SUPERFAMILY	PIRSF800006:rhodopsin-like G protein-coupled receptors	42	11.444141689373296	6.3439286406714525E-12	390265, 283160, 79473, 390264, 119678, 119679, 219865, 338557, 390081, 124274, 26595, 23538, 390077, 390078, 390075, 283111, 79339, 390072, 283159, 390054, 390059, 219858, 390058, 390079, 390271, 390275, 282763, 10888, 219870, 340980, 390061, 390063, 390064, 390083, 390066, 390067, 79345, 338751, 219869, 26493, 26494, 283162, 387748	148	618	7098	3.2593807399632637	7.485831954312516E-10	3.742915977156258E-10	7.2602257539244874E-9
GOTERM_BP_FAT	GO:0007600~sensory perception	45	12.26158038147139	1.0980070235462883E-11	390265, 283160, 79473, 390264, 5950, 119678, 5146, 119679, 219865, 762, 390081, 26595, 54714, 23538, 390077, 390078, 390075, 283111, 79339, 390072, 283159, 390054, 390059, 84059, 219858, 390058, 390079, 390271, 26521, 390275, 282763, 219870, 340980, 390061, 390063, 390064, 390083, 390066, 79345, 390067, 338751, 219869, 26493, 26494, 283162, 387748	247	744	12981	3.1787090244220972	1.4559620065135448E-8	4.853206725385917E-9	1.7971690802198736E-8
GOTERM_BP_FAT	GO:0050890~cognition	46	12.534059945504087	1.8737195689101894E-10	390265, 283160, 79473, 390264, 5950, 119678, 5146, 119679, 219865, 762, 390081, 26595, 54714, 23538, 390077, 390078, 390075, 283111, 79339, 390072, 283159, 390054, 390059, 84059, 219858, 390058, 390079, 390271, 26521, 390275, 282763, 219870, 340980, 390061, 6198, 390063, 390064, 390083, 390066, 79345, 390067, 338751, 219869, 26493, 26494, 283162, 387748	247	843	12981	2.8677510913884765	2.4845525015138037E-7	6.211381831100482E-8	3.0668114714416106E-7
UP_SEQ_FEATURE	zinc finger region:C2H2-type 10	27	7.3569482288828345	1.9356643053161888E-10	7652, 7576, 90317, 84436, 55769, 100129543, 81856, 388558, 57615, 400713, 163223, 90321, 148213, 171392, 7644, 125893, 148198, 113835, 162966, 162967, 147658, 147657, 162962, 9668, 284371, 284370, 147660, 80110, 90333	326	327	18308	4.637023695615467	2.14084399097203E-7	2.14084399097203E-7	3.0975541021049935E-7
UP_SEQ_FEATURE	zinc finger region:C2H2-type 1; degenerate	17	4.632152588555858	2.3549533853514987E-10	7652, 171392, 7644, 7576, 55769, 162966, 100129543, 81856, 162963, 284371, 147660, 388558, 400713, 90333, 163223, 90321, 148213	326	116	18308	8.230272900359635	2.604577568066091E-7	1.302288868965107E-7	3.768523160196935E-7
GOTERM_BP_FAT	GO:0007186~G-protein coupled receptor protein signaling pathway	51	13.896457765667575	2.8717786503969504E-10	79473, 119678, 119679, 2919, 338557, 26595, 79339, 390054, 390059, 390058, 3576, 390271, 390275, 390061, 390063, 390064, 390066, 390067, 26493, 26494, 390265, 283160, 390264, 219865, 390081, 124274, 23538, 390077, 390078, 390075, 283111, 51196, 6374, 390072, 283159, 6372, 84059, 219858, 390079, 5196, 282763, 10888, 219870, 340980, 390083, 390084, 79345, 5473, 219869, 338751, 283162, 387748	247	1018	12981	2.6328953333916627	3.8079773945209894E-7	7.615955954776155E-8	4.700383526845542E-7
UP_SEQ_FEATURE	zinc finger region:C2H2-type 11	25	6.811989100817439	3.319160146300553E-10	7652, 7576, 90317, 84436, 55769, 100129543, 81856, 57615, 388558, 400713, 163223, 148213, 171392, 7644, 125893, 148198, 113835, 162967, 147658, 147657, 162962, 9668, 284371, 284370, 147660, 80110, 90333	326	286	18308	4.909048007207517	3.670990842419286E-7	1.223663763649796E-7	5.311500350657639E-7
UP_SEQ_FEATURE	zinc finger region:C2H2-type 9	28	7.629427792915531	4.583573926353004E-10	7652, 7576, 90317, 84436, 55769, 100129543, 388558, 57615, 152485, 400713, 163223, 90321, 148213, 171392, 7644, 125893, 148198, 113835, 162966, 162967, 147658, 147657, 162962, 162963, 9668, 284371, 284370, 147660, 80110, 90333	326	366	18308	4.296355895269704	5.069431030513272E-7	1.2673579985467143E-7	7.334882479170801E-7
UP_SEQ_FEATURE	zinc finger region:C2H2-type 12	23	6.267029972752043	5.146064512780636E-10	7652, 171392, 7644, 90317, 7576, 125893, 113835, 84436, 55769, 100129543, 162966, 147658, 147657, 81856, 162962, 9668, 284371, 284370, 147660, 80110, 388558, 400713, 163223, 148213	326	245	18308	5.2721171904344555	5.69154592344745E-7	1.1383094444816777E-7	8.235011339507992E-7
SMART	SM00349:KRAB	26	7.084468664850137	7.670859434323403E-10	7652, 55762, 7576, 90317, 84436, 100129543, 81856, 388558, 57615, 400713, 163223, 90321, 171392, 7644, 125893, 148198, 113835, 162967, 147658, 147657, 162962, 162963, 9668, 284371, 399669, 284370, 80110, 90333	152	343	8735	4.356107104495934	8.361236514264903E-8	8.361236514264903E-8	8.652128680175508E-7
UP_SEQ_FEATURE	zinc finger region:C2H2-type 15	17	4.632152588555858	1.1727791245656234E-9	7652, 171392, 7644, 90317, 7576, 125893, 84436, 55769, 162966, 147658, 81856, 162962, 9668, 284371, 284370, 388558, 163223, 148213	326	129	18308	7.400865553811766	1.297092839802616E-6	2.1618225676256486E-7	1.8767446041678681E-6
UP_SEQ_FEATURE	zinc finger region:C2H2-type 7	30	8.174386920980927	1.332148311289449E-9	7652, 55762, 7576, 90317, 84436, 55769, 100129543, 81856, 388558, 57615, 152485, 400713, 163223, 90321, 148213, 171392, 7644, 125893, 148198, 113835, 162966, 162967, 147658, 147657, 162962, 162963, 9668, 284371, 284370, 147660, 80110, 90333	326	439	18308	3.837779672149475	1.4733549139611668E-6	2.1047940634844053E-7	2.1317758003291942E-6
INTERPRO	IPR001909:Krueppel-associated  box	26	7.084468664850137	3.146982694961961E-9	7652, 55762, 7576, 90317, 84436, 100129543, 81856, 388558, 57615, 400713, 163223, 90321, 171392, 7644, 125893, 148198, 113835, 162967, 147658, 147657, 162962, 162963, 9668, 284371, 399669, 284370, 80110, 90333	288	343	15967	4.202522675736962	1.4822277435433406E-6	3.705571418599618E-7	4.49370203270405E-6
UP_SEQ_FEATURE	domain:KRAB	25	6.811989100817439	3.3788515900521207E-9	7652, 55762, 7576, 90317, 84436, 100129543, 81856, 388558, 57615, 400713, 163223, 90321, 171392, 7644, 125893, 148198, 113835, 162967, 147658, 147657, 162962, 162963, 9668, 399669, 284370, 80110, 90333	326	321	18308	4.37379355159299	3.7370029407624017E-6	4.6712613133159664E-7	5.407021230752207E-6
UP_SEQ_FEATURE	zinc finger region:C2H2-type 14	17	4.632152588555858	1.1861373924402928E-8	7652, 171392, 90317, 7576, 125893, 84436, 55769, 162966, 147658, 81856, 162962, 9668, 284371, 284370, 388558, 400713, 163223, 148213	326	151	18308	6.322593751269653	1.3118593543026691E-5	1.4576300034763179E-6	1.898121111398865E-5
UP_SEQ_FEATURE	zinc finger region:C2H2-type 13	19	5.177111716621254	1.1945328267755824E-8	7652, 171392, 7644, 90317, 7576, 125893, 84436, 148198, 55769, 162966, 147658, 81856, 162962, 9668, 284371, 284370, 388558, 57615, 400713, 163223, 148213	326	194	18308	5.500158117766112	1.3211445886951445E-5	1.3211524431122612E-6	1.9115559468652066E-5
UP_SEQ_FEATURE	zinc finger region:C2H2-type 8	27	7.3569482288828345	1.859773400592336E-8	7652, 7576, 90317, 84436, 55769, 81856, 388558, 57615, 152485, 400713, 163223, 90321, 148213, 171392, 7644, 125893, 148198, 162966, 162967, 147658, 147657, 162962, 162963, 9668, 284371, 284370, 147660, 80110, 90333	326	406	18308	3.7347456858774817	2.0568882474480965E-5	1.8699158895740808E-6	2.9761096931313347E-5
UP_SEQ_FEATURE	zinc finger region:C2H2-type 6	29	7.901907356948229	3.2169030526945025E-8	7652, 55762, 7576, 90317, 84436, 55769, 100129543, 81856, 388558, 57615, 152485, 400713, 163223, 90321, 171392, 7644, 125893, 148198, 113835, 162966, 162967, 147658, 147657, 162962, 162963, 9668, 284371, 284370, 147660, 80110, 90333	326	476	18308	3.4214827035108524	3.557831543776757E-5	2.9649079680282853E-6	5.1478612284050485E-5
INTERPRO	IPR001089:Small chemokine, C-X-C	7	1.9073569482288828	4.941331312256217E-8	2919, 6374, 5473, 6372, 5196, 5197, 3576	288	13	15967	29.8528311965812	2.3273400219014917E-5	4.654723376518177E-6	7.055921819043576E-5
INTERPRO	IPR002473:Small chemokine, C-X-C/Interleukin 8	7	1.9073569482288828	8.517082864699504E-8	2919, 6374, 5473, 6372, 5196, 5197, 3576	288	14	15967	27.72048611111111	4.011465737019382E-5	6.685887980140137E-6	1.2161875565519509E-4
GOTERM_BP_FAT	GO:0050877~neurological system process	48	13.079019073569482	2.6073113829311054E-7	79473, 5950, 119678, 119679, 26595, 54714, 79339, 390054, 390059, 390058, 1756, 390271, 26521, 390275, 390061, 6198, 390063, 390064, 390066, 390067, 26493, 26494, 283160, 390265, 390264, 5146, 219865, 762, 390081, 23538, 390077, 390078, 283111, 390075, 283159, 390072, 84059, 219858, 390079, 27345, 282763, 219870, 340980, 390083, 79345, 219869, 338751, 283162, 387748	247	1141	12981	2.210888239948621	3.456697769497197E-4	5.76199289945567E-5	4.2675085728527407E-4
INTERPRO	IPR018048:Small chemokine, C-X-C, conserved site	7	1.9073569482288828	3.3539243227421397E-7	2919, 6374, 5473, 6372, 5196, 5197, 3576	288	17	15967	22.82863562091503	1.5795738550905547E-4	2.2566868520201844E-5	4.78919169444314E-4
INTERPRO	IPR002337:Haemoglobin, beta	5	1.3623978201634876	5.040196103352309E-7	3048, 3047, 3043, 3045, 3046	288	5	15967	55.44097222222222	2.373651207560057E-4	2.9673721765766103E-5	7.19707303142858E-4
INTERPRO	IPR013087:Zinc finger, C2H2-type/integrase, DNA-binding	30	8.174386920980927	1.3367892506379452E-6	7652, 55762, 7576, 90317, 84436, 55769, 100129543, 81856, 388558, 57615, 400713, 163223, 90321, 148213, 171392, 7644, 125893, 148198, 113835, 162966, 162967, 147658, 147657, 162962, 162963, 9668, 284371, 284370, 79986, 147660, 80110, 90333	288	600	15967	2.7720486111111113	6.294299836714368E-4	6.995623715788657E-5	0.0019088377652187738
SMART	SM00355:ZnF_C2H2	33	8.991825613079019	1.7688751104951721E-6	7652, 55762, 7576, 90317, 84436, 55769, 100129543, 27086, 81856, 388558, 57615, 152485, 400713, 163223, 90321, 148213, 171392, 7644, 125893, 148198, 113835, 162966, 162967, 147658, 147657, 162962, 162963, 9668, 284371, 284370, 79986, 147660, 80110, 8411, 90333	152	764	8735	2.482217897492422	1.9278897138785833E-4	9.639913209025242E-5	0.0019951344323088094
SP_PIR_KEYWORDS	receptor	52	14.168937329700274	2.39329553107489E-6	79473, 119678, 119679, 338557, 26595, 79339, 390054, 390059, 390058, 4360, 390271, 390275, 8029, 135112, 390061, 390063, 64221, 390064, 390066, 390067, 26493, 26494, 5787, 390265, 283160, 390264, 219865, 54538, 390081, 124274, 23538, 390077, 5801, 390078, 390075, 283111, 390072, 283159, 84059, 219858, 390079, 282763, 10888, 219870, 340980, 390083, 390084, 79345, 338751, 219869, 1630, 283162, 387748	326	1465	18353	1.998274670742687	7.225149755601956E-4	1.4454477545666755E-4	0.003201358901683271
UP_SEQ_FEATURE	zinc finger region:C2H2-type 5	27	7.3569482288828345	2.394705723423656E-6	55762, 7576, 90317, 84436, 55769, 100129543, 81856, 388558, 57615, 400713, 152485, 163223, 90321, 171392, 7644, 125893, 148198, 113835, 162966, 162967, 147658, 162962, 162963, 9668, 284371, 284370, 147660, 80110, 90333	326	522	18308	2.9048022001269302	0.002645043393306845	2.0371368611105112E-4	0.00383206893947996
UP_SEQ_FEATURE	zinc finger region:C2H2-type 3	29	7.901907356948229	3.78764415559657E-6	7652, 55762, 7576, 90317, 84436, 55769, 100129543, 81856, 388558, 57615, 152485, 400713, 163223, 90321, 7644, 125893, 148198, 113835, 162966, 162967, 147658, 147657, 162962, 162963, 9668, 284371, 284370, 79986, 147660, 80110, 90333	326	603	18308	2.7008719185259795	0.004180380152410179	2.991796918022649E-4	0.006061021077963247
GOTERM_MF_FAT	GO:0047760~butyrate-CoA ligase activity	5	1.3623978201634876	3.8133927363665405E-6	348158, 123876, 6296, 116285, 54988	231	7	12441	38.46938775510204	0.001314757950000467	6.575951907176192E-4	0.005204213971432559
INTERPRO	IPR007087:Zinc finger, C2H2-type	33	8.991825613079019	5.576868448080012E-6	7652, 55762, 7576, 90317, 84436, 55769, 100129543, 27086, 81856, 388558, 57615, 152485, 400713, 163223, 90321, 148213, 171392, 7644, 125893, 148198, 113835, 162966, 162967, 147658, 147657, 162962, 162963, 9668, 284371, 284370, 79986, 147660, 80110, 8411, 90333	288	752	15967	2.432915004432624	0.0026232655730988874	2.6263674127613434E-4	0.007963138100863798
PIR_SUPERFAMILY	PIRSF002522:CXC chemokine	6	1.6348773841961852	6.13016409666436E-6	6374, 5473, 6372, 5196, 5197, 3576	148	14	7098	20.554054054054053	7.231000176561864E-4	2.410914596394642E-4	0.007015369963403462
SP_PIR_KEYWORDS	oxygen carrier	5	1.3623978201634876	6.389026671639859E-6	3048, 3047, 3043, 3045, 3046	326	8	18353	35.18596625766871	0.0019276319451624335	3.2153033447590573E-4	0.008545982475882674
INTERPRO	IPR015880:Zinc finger, C2H2-like	33	8.991825613079019	7.712982137848054E-6	7652, 55762, 7576, 90317, 84436, 55769, 100129543, 27086, 81856, 388558, 57615, 152485, 400713, 163223, 90321, 148213, 171392, 7644, 125893, 148198, 113835, 162966, 162967, 147658, 147657, 162962, 162963, 9668, 284371, 284370, 79986, 147660, 80110, 8411, 90333	288	764	15967	2.3947016797556717	0.0036262378585388833	3.3020261628691205E-4	0.011013110923796532
GOTERM_BP_FAT	GO:0007166~cell surface receptor linked signal transduction	59	16.076294277929154	9.408395072910935E-6	79473, 50937, 119678, 119679, 2919, 338557, 26595, 79339, 390054, 390059, 390058, 3576, 390271, 84441, 390275, 390061, 9702, 390063, 390064, 390066, 390067, 26493, 26494, 4086, 390265, 283160, 390264, 4684, 219865, 390081, 124274, 23538, 390077, 390078, 390075, 283111, 51196, 6374, 390072, 283159, 6372, 84059, 219858, 390079, 5196, 282763, 10888, 23493, 219870, 340980, 85458, 4286, 390083, 390084, 5473, 79345, 338751, 219869, 283162, 387748	247	1743	12981	1.7789585177029692	0.01239809298531891	0.0017806399981942223	0.015398078228734402
UP_SEQ_FEATURE	zinc finger region:C2H2-type 16	11	2.997275204359673	1.1404820825421287E-5	9668, 7652, 7644, 284370, 7576, 90317, 388558, 162966, 148213, 162962, 81856	326	100	18308	6.177546012269938	0.012534583180232595	8.405667764617153E-4	0.018249050610208428
PIR_SUPERFAMILY	PIRSF500045:hemoglobin, vertebrate type	5	1.3623978201634876	1.1590537257677754E-5	3048, 3047, 3043, 3045, 3046	148	8	7098	29.974662162162165	0.0013667564590278403	3.4186438168948285E-4	0.013263851846623265
UP_SEQ_FEATURE	zinc finger region:C2H2-type 17	10	2.7247956403269753	1.201858724330282E-5	7652, 284371, 7644, 284370, 7576, 90317, 388558, 162966, 162962, 81856	326	80	18308	7.019938650306749	0.013204680424412252	8.304448253387831E-4	0.01923106030834454
UP_SEQ_FEATURE	disulfide bond	77	20.98092643051771	1.2719891646661649E-5	79473, 50937, 5950, 100169851, 119678, 119679, 2919, 26595, 2813, 160065, 79339, 390059, 338596, 1288, 90952, 1287, 390058, 3576, 4360, 390271, 399968, 26521, 390275, 8029, 399967, 64478, 390061, 390063, 64221, 390064, 390066, 390067, 26493, 26494, 283160, 390265, 340547, 390264, 4684, 54538, 219865, 213, 762, 390081, 23538, 167681, 390077, 390075, 283111, 174, 6374, 158038, 173, 6372, 283159, 390072, 10178, 341208, 219858, 23584, 390079, 5196, 282763, 5197, 10888, 220296, 219870, 641654, 340980, 390083, 390084, 5473, 79345, 338751, 219869, 7369, 1630, 283162, 387748	326	2662	18308	1.6244486132941234	0.01396979367917639	8.272041269866692E-4	0.020353117350824235
UP_SEQ_FEATURE	topological domain:Extracellular	75	20.435967302452315	1.9897408330028867E-5	79473, 50937, 81671, 119678, 119679, 338557, 26595, 54714, 256471, 79339, 390054, 390059, 90952, 390058, 116337, 284161, 4360, 390271, 221074, 390275, 349633, 64478, 24145, 390061, 390063, 64221, 390064, 390066, 390067, 116068, 26493, 26494, 5787, 283160, 390265, 340547, 390264, 4684, 219865, 390081, 124274, 23538, 64922, 390077, 390078, 5801, 283111, 390075, 158038, 283159, 390072, 84059, 10178, 341208, 219858, 23584, 390079, 157724, 115111, 27345, 282763, 26509, 10888, 220296, 219870, 641654, 340980, 390083, 390084, 79345, 5101, 338751, 219869, 2823, 1630, 283162, 387748	326	2603	18308	1.6181187822451208	0.021766370545001634	0.0012218502963541322	0.031836158293774286
PIR_SUPERFAMILY	PIRSF005559:zinc finger protein ZFP-36	13	3.5422343324250685	2.2229095193624E-5	171392, 113835, 84436, 148198, 162966, 100129543, 55769, 162967, 147658, 147657, 9668, 80110, 57615, 90333, 148213	148	136	7098	4.584360095389507	0.002619625164975825	5.244748923575182E-4	0.02543687484352075
SP_PIR_KEYWORDS	disulfide bond	78	21.25340599455041	2.436404252781943E-5	79473, 50937, 5950, 100169851, 119678, 119679, 2919, 26595, 2813, 160065, 79339, 390059, 338596, 1288, 90952, 1287, 390058, 3576, 4360, 390271, 399968, 26521, 390275, 8029, 399967, 64478, 390061, 390063, 64221, 390064, 204474, 390066, 390067, 26493, 26494, 283160, 390265, 340547, 390264, 4684, 54538, 219865, 213, 762, 390081, 23538, 167681, 390077, 390075, 283111, 174, 6374, 158038, 173, 6372, 283159, 390072, 10178, 341208, 219858, 23584, 390079, 5196, 282763, 5197, 10888, 220296, 219870, 641654, 340980, 390083, 390084, 5473, 79345, 338751, 219869, 7369, 1630, 283162, 387748	326	2765	18353	1.5881405385016476	0.0073310264459379715	0.0010505949496394384	0.03258579629222824
UP_SEQ_FEATURE	zinc finger region:C2H2-type 20	7	1.9073569482288828	2.6423474684702726E-5	7652, 284371, 7644, 90317, 388558, 162966, 162962	326	34	18308	11.56225189462288	0.028801835989534674	0.0015369623518796116	0.04227589495753303
SP_PIR_KEYWORDS	blood	5	1.3623978201634876	2.88760913612145E-5	3048, 3047, 3043, 3045, 3046	326	11	18353	25.58979364194088	0.00868279044482645	0.0010894942574096733	0.038619377635351615
SP_PIR_KEYWORDS	cell membrane	63	17.166212534059948	3.067819009108525E-5	79473, 119678, 119679, 338557, 26595, 5911, 2813, 79339, 390054, 390059, 90952, 390058, 116337, 85461, 1756, 9638, 390271, 390275, 24145, 390061, 390063, 390064, 390066, 390067, 134957, 26493, 26494, 283160, 390265, 390264, 5146, 4684, 219865, 762, 390081, 124274, 23538, 390077, 390078, 5801, 390075, 283111, 51196, 283159, 390072, 84059, 219858, 390079, 282763, 10888, 26509, 219870, 9892, 340980, 390083, 390084, 79345, 5101, 338751, 219869, 7369, 8471, 283162, 387748	326	2092	18353	1.6953849898532534	0.009222168067083425	0.0010289098116279538	0.04102907771138531
UP_SEQ_FEATURE	zinc finger region:C2H2-type 19	8	2.17983651226158	3.9832159386846685E-5	7652, 284371, 7644, 284370, 90317, 388558, 162966, 162962	326	53	18308	8.476907049427016	0.04309890865354049	0.0022003379843111848	0.0637225365210603
SP_PIR_KEYWORDS	oxygen transport	5	1.3623978201634876	4.271028425664254E-5	3048, 3047, 3043, 3045, 3046	326	12	18353	23.45731083844581	0.012815948552887257	0.0012890465950461394	0.05711657372036161
UP_SEQ_FEATURE	metal ion-binding site:Iron (heme distal ligand)	5	1.3623978201634876	4.3119795112542286E-5	3048, 3047, 3043, 3045, 3046	326	12	18308	23.399795501022492	0.046572146407546144	0.0022684480134775864	0.06898031652816661
GOTERM_CC_FAT	GO:0005833~hemoglobin complex	5	1.3623978201634876	4.402748898921287E-5	3048, 3047, 3043, 3045, 3046	220	12	12245	23.19128787878788	0.010990303455951422	0.010990303455951422	0.05721673106831027
INTERPRO	IPR012292:Globin	5	1.3623978201634876	4.515999073013375E-5	3048, 3047, 3043, 3045, 3046	288	12	15967	23.10040509259259	0.02104620720168715	0.0017709995872993156	0.06446642021463722
INTERPRO	IPR000971:Globin, subset	5	1.3623978201634876	4.515999073013375E-5	3048, 3047, 3043, 3045, 3046	288	12	15967	23.10040509259259	0.02104620720168715	0.0017709995872993156	0.06446642021463722
PIR_SUPERFAMILY	PIRSF036518:globin	5	1.3623978201634876	5.2047342167396276E-5	3048, 3047, 3043, 3045, 3046	148	11	7098	21.7997542997543	0.006122924237644267	0.0010231006432771528	0.059548784365937024
UP_SEQ_FEATURE	zinc finger region:C2H2-type 4	25	6.811989100817439	6.368615849819225E-5	7652, 55762, 90317, 84436, 55769, 100129543, 57615, 388558, 400713, 152485, 163223, 90321, 7644, 125893, 148198, 162966, 162967, 147658, 147657, 162962, 162963, 9668, 284371, 284370, 147660, 80110, 90333	326	558	18308	2.5161070431206984	0.06801553633396373	0.0031966586050282686	0.10186536693141957
SMART	SM00199:SCY	7	1.9073569482288828	6.592146317172807E-5	2919, 6374, 5473, 6372, 5196, 5197, 3576	152	41	8735	9.811456996148909	0.007159921087829035	0.0023923591809313915	0.07432906004513073
GOTERM_MF_FAT	GO:0005344~oxygen transporter activity	5	1.3623978201634876	7.136869130025167E-5	3048, 3047, 3043, 3045, 3046	231	13	12441	20.71428571428571	0.024322402106733976	0.008174101246707255	0.09735669451280682
GOTERM_BP_FAT	GO:0015671~oxygen transport	5	1.3623978201634876	7.866031045718342E-5	3048, 3047, 3043, 3045, 3046	247	13	12981	20.21332918094052	0.0990519436603734	0.012953826784617317	0.12866948330214623
INTERPRO	IPR001811:Small chemokine, interleukin-8-like	7	1.9073569482288828	8.478980092538418E-5	2919, 6374, 5473, 6372, 5196, 5197, 3576	288	41	15967	9.465531842818429	0.03915069162963458	0.0030674157924479584	0.12100660093172788
UP_SEQ_FEATURE	zinc finger region:C2H2-type 23	5	1.3623978201634876	1.1399564872798386E-4	7652, 284371, 7644, 388558, 162962	326	15	18308	18.719836400817996	0.11846129877447842	0.005467017442237876	0.18226610186532488
UP_SEQ_FEATURE	metal ion-binding site:Iron (heme proximal ligand)	5	1.3623978201634876	1.1399564872798386E-4	3048, 3047, 3043, 3045, 3046	326	15	18308	18.719836400817996	0.11846129877447842	0.005467017442237876	0.18226610186532488
UP_SEQ_FEATURE	zinc finger region:C2H2-type 18	8	2.17983651226158	1.228677418065206E-4	7652, 284371, 7644, 284370, 7576, 90317, 388558, 162966	326	63	18308	7.131366247930665	0.12707014127754834	0.005646501225764267	0.19643850059928303
GOTERM_MF_FAT	GO:0019825~oxygen binding	7	1.9073569482288828	1.2866534310583205E-4	3048, 3047, 1592, 213, 3043, 3045, 3046	231	43	12441	8.767441860465116	0.04342147693886611	0.011036743109463454	0.17545362037216794
UP_SEQ_FEATURE	zinc finger region:C2H2-type 2	25	6.811989100817439	1.3286954231679562E-4	7652, 55762, 90317, 84436, 55769, 100129543, 81856, 57615, 388558, 400713, 152485, 163223, 148213, 7644, 125893, 113835, 148198, 162966, 162967, 147658, 147657, 162962, 162963, 9668, 284370, 79986, 90333	326	585	18308	2.399979025745897	0.13667449235675966	0.005861294297133335	0.2124132468033224
GOTERM_MF_FAT	GO:0008009~chemokine activity	7	1.9073569482288828	1.887632970706964E-4	2919, 6374, 5473, 6372, 5196, 5197, 3576	231	46	12441	8.195652173913043	0.06305386467699614	0.012941427109501191	0.2573080017970075
GOTERM_MF_FAT	GO:0042379~chemokine receptor binding	7	1.9073569482288828	2.690981300383844E-4	2919, 6374, 5473, 6372, 5196, 5197, 3576	231	49	12441	7.6938775510204085	0.0886710393423259	0.015356098749306102	0.36662819504562627
GOTERM_BP_FAT	GO:0015669~gas transport	5	1.3623978201634876	3.1242133118453033E-4	3048, 3047, 3043, 3045, 3046	247	18	12981	14.598515519568151	0.3392207192947121	0.04499362966389764	0.5101299306742413
SP_PIR_KEYWORDS	erythrocyte	5	1.3623978201634876	3.7373917439518535E-4	3048, 3047, 3043, 3045, 3046	326	20	18353	14.074386503067483	0.10675138067042678	0.010210274668396191	0.4987798657702269
GOTERM_MF_FAT	GO:0016878~acid-thiol ligase activity	5	1.3623978201634876	4.3679565420158415E-4	348158, 123876, 6296, 116285, 54988	231	20	12441	13.464285714285714	0.1399178935176406	0.021302319765869382	0.5944744087159282
GOTERM_MF_FAT	GO:0046906~tetrapyrrole binding	10	2.7247956403269753	5.452995545993781E-4	3048, 3047, 1592, 6392, 51167, 340665, 8029, 3043, 3045, 3046	231	126	12441	4.27437641723356	0.17153414677498124	0.023247960759640418	0.7416384136357035
UP_SEQ_FEATURE	zinc finger region:C2H2-type 21	5	1.3623978201634876	7.822910490550446E-4	284371, 7644, 90317, 388558, 162962	326	24	18308	11.699897750511246	0.5791810146925915	0.03274245099208439	1.244545092263627
UP_SEQ_FEATURE	zinc finger region:C2H2-type 22	5	1.3623978201634876	7.822910490550446E-4	7652, 284371, 7644, 388558, 162962	326	24	18308	11.699897750511246	0.5791810146925915	0.03274245099208439	1.244545092263627
UP_SEQ_FEATURE	zinc finger region:C2H2-type 4; degenerate	5	1.3623978201634876	9.183809411289372E-4	171392, 7576, 113835, 148213, 81856	326	25	18308	11.231901840490798	0.6380307515774136	0.036937424577645706	1.4595617782693249
SP_PIR_KEYWORDS	fetus	3	0.8174386920980926	9.269001456127335E-4	3048, 3047, 174	326	3	18353	56.29754601226995	0.24425680897381485	0.0230675842141016	1.232786738627234
INTERPRO	IPR001703:Alpha-fetoprotein	3	0.8174386920980926	9.544434005650858E-4	174, 213, 173	288	3	15967	55.440972222222214	0.36221721109576455	0.031614993137862424	1.35428454783999
UP_SEQ_FEATURE	topological domain:Cytoplasmic	81	22.070844686648503	0.0010498780718633885	79473, 50937, 81671, 119678, 119679, 338557, 26595, 54714, 256471, 79339, 390054, 390059, 338596, 90952, 390058, 116337, 284161, 4360, 390271, 1183, 221074, 390275, 349633, 64478, 24145, 390061, 390063, 10090, 64221, 390064, 390066, 390067, 116068, 26493, 26494, 5787, 283160, 390265, 340547, 390264, 4684, 219865, 390081, 124274, 23538, 3703, 64922, 390077, 390078, 5801, 283111, 390075, 158038, 283159, 390072, 2526, 84059, 10178, 341208, 219858, 23584, 390079, 157724, 115111, 27345, 282763, 26509, 10888, 220296, 219870, 641654, 340980, 10550, 390083, 390084, 79345, 5101, 338751, 219869, 2823, 1630, 283162, 387748	326	3250	18308	1.3996677678150071	0.6870697996412349	0.040642959522922184	1.6669050902724858
SP_PIR_KEYWORDS	heme	9	2.452316076294278	0.0012019614104439996	3048, 3047, 1592, 6392, 51167, 340665, 3043, 3045, 3046	326	118	18353	4.293880628054487	0.3045600918696637	0.02755259040175162	1.595906309951567
UP_SEQ_FEATURE	zinc finger region:C2H2-type 24	4	1.08991825613079	0.001388962614525498	7652, 7644, 388558, 162962	326	13	18308	17.279848985370457	0.7850307958573082	0.051628506471629865	2.1996844437489504
GOTERM_MF_FAT	GO:0016877~ligase activity, forming carbon-sulfur bonds	5	1.3623978201634876	0.0014296399594324152	348158, 123876, 6296, 116285, 54988	231	27	12441	9.973544973544973	0.38956208750690346	0.05336536815813964	1.933563696777607
SP_PIR_KEYWORDS	metal-binding	73	19.891008174386922	0.0014927238518805282	10346, 7652, 153364, 10150, 348158, 3048, 3047, 84436, 100129543, 117854, 83875, 51136, 6392, 116285, 400713, 284161, 4199, 1756, 55693, 8493, 7644, 26521, 6296, 148198, 53940, 147658, 85363, 147657, 1592, 4591, 147660, 79986, 123876, 51167, 53840, 340665, 8411, 90333, 3043, 3045, 3046, 445372, 55762, 5146, 90317, 7576, 213, 862, 762, 55769, 27086, 81856, 174, 57615, 388558, 152485, 341208, 163223, 5805, 90321, 148213, 171392, 125893, 113835, 162966, 154214, 162967, 162962, 162963, 9668, 284371, 284370, 80110, 5238, 112479, 54988, 4281	326	2900	18353	1.4171451237571397	0.36309794839364584	0.031710574280884196	1.9784103648062712
GOTERM_MF_FAT	GO:0020037~heme binding	9	2.452316076294278	0.0015445952195939831	3048, 3047, 1592, 6392, 51167, 340665, 3043, 3045, 3046	231	118	12441	4.10774818401937	0.41333265367813365	0.05193264731195324	2.0875239147284397
GOTERM_MF_FAT	GO:0046914~transition metal ion binding	70	19.07356948228883	0.0015948526957782932	10346, 7652, 153364, 10150, 3048, 3047, 84436, 100129543, 117854, 83875, 51136, 6392, 400713, 4199, 1756, 55693, 8493, 4361, 7644, 26521, 221074, 148198, 8029, 53940, 147658, 85363, 147657, 1592, 4591, 147660, 79986, 51167, 53840, 340665, 8411, 90333, 3043, 730087, 3045, 3046, 445372, 55762, 90317, 7576, 213, 862, 762, 55769, 27086, 81856, 174, 57615, 388558, 152485, 341208, 163223, 5805, 90321, 148213, 171392, 125893, 113835, 162966, 154214, 162967, 162962, 162963, 9668, 284371, 284370, 80110, 7757, 112479, 4281	231	2685	12441	1.4040968342644322	0.42343281717262804	0.04882794244788213	2.1547636329196096
SMART	SM00103:ALBUMIN	3	0.8174386920980926	0.0017410600612062595	174, 213, 173	152	4	8735	43.10032894736842	0.1729920277073269	0.046375447655933155	1.946301048011323
SP_PIR_KEYWORDS	homotetramer	5	1.3623978201634876	0.0018391157671457724	3048, 3047, 5473, 5196, 3043	326	30	18353	9.382924335378323	0.4264581219011563	0.036383246029527805	2.43230036555917
UP_SEQ_FEATURE	domain:Albumin 3	3	0.8174386920980926	0.0018409892141863732	174, 213, 173	326	4	18308	42.11963190184049	0.8697123557589446	0.06567757121531959	2.9057138962997775
UP_SEQ_FEATURE	domain:Albumin 2	3	0.8174386920980926	0.0018409892141863732	174, 213, 173	326	4	18308	42.11963190184049	0.8697123557589446	0.06567757121531959	2.9057138962997775
UP_SEQ_FEATURE	domain:Albumin 1	3	0.8174386920980926	0.0018409892141863732	174, 213, 173	326	4	18308	42.11963190184049	0.8697123557589446	0.06567757121531959	2.9057138962997775
INTERPRO	IPR014760:Serum albumin, N-terminal	3	0.8174386920980926	0.0018862022170386705	174, 213, 173	288	4	15967	41.58072916666667	0.5890320925050958	0.057559674483117496	2.6599110088712963
INTERPRO	IPR000873:AMP-dependent synthetase and ligase	5	1.3623978201634876	0.0019380339973680747	348158, 123876, 6296, 116285, 54988	288	30	15967	9.240162037037038	0.5989622392117966	0.0555062700959007	2.732066269050759
SMART	SM00408:IGc2	11	2.997275204359673	0.002883185720047659	50937, 340547, 9172, 64221, 4684, 158038, 54538, 90952, 23584, 220296, 1630, 641654	152	205	8735	3.0836007702182284	0.2700076041927143	0.061004162150893326	3.2042451549307405
INTERPRO	IPR000264:Serum albumin	3	0.8174386920980926	0.0031063667412536025	174, 213, 173	288	5	15967	33.26458333333333	0.7690088573751654	0.08258796940123203	4.345370203630883
SP_PIR_KEYWORDS	heterotetramer	5	1.3623978201634876	0.0032784453479656195	3048, 3047, 3043, 3045, 3046	326	35	18353	8.04250657318142	0.6290607698220961	0.06010049063688616	4.297557749075242
INTERPRO	IPR003598:Immunoglobulin subtype 2	11	2.997275204359673	0.004046410640781546	50937, 340547, 9172, 64221, 4684, 158038, 54538, 90952, 23584, 220296, 1630, 641654	288	205	15967	2.9748814363143636	0.8518790027443327	0.10066158213732257	5.625335158834877
SMART	SM00257:LysM	3	0.8174386920980926	0.00425452685126799	55074, 135112, 116068	152	6	8735	28.733552631578945	0.37169699588794114	0.07453175281104973	4.695208962495856
UP_SEQ_FEATURE	repeat:LysM	3	0.8174386920980926	0.004495220104977766	55074, 135112, 116068	326	6	18308	28.079754601226995	0.9931459907799404	0.1484860563003273	6.9559467610896935
INTERPRO	IPR018392:Peptidoglycan-binding lysin domain	3	0.8174386920980926	0.004604339993789058	55074, 135112, 116068	288	6	15967	27.720486111111107	0.886238610956608	0.1081013217392024	6.377461480387514
INTERPRO	IPR002482:Peptidoglycan-binding Lysin subgroup	3	0.8174386920980926	0.004604339993789058	55074, 135112, 116068	288	6	15967	27.720486111111107	0.886238610956608	0.1081013217392024	6.377461480387514
GOTERM_BP_FAT	GO:0000086~G2/M transition of mitotic cell cycle	4	1.08991825613079	0.005204618668181142	10393, 8493, 7164, 1111	247	19	12981	11.064138077988494	0.9990115240975409	0.4993933566781794	8.186336028573837
SP_PIR_KEYWORDS	ligase	13	3.5422343324250685	0.0080676364796722	10346, 348158, 6296, 154214, 85363, 9039, 4591, 123876, 116285, 11059, 54988, 90025, 4281	326	303	18353	2.4154062645528356	0.9133871853326339	0.13402604083223757	10.269091853932666
UP_SEQ_FEATURE	zinc finger region:C2H2-type 2; degenerate	6	1.6348773841961852	0.008072655262543998	284371, 171392, 147660, 7576, 80110, 90321	326	70	18308	4.813672217353199	0.9998721419152744	0.24432464957856892	12.164746832792893
UP_SEQ_FEATURE	zinc finger region:C2H2-type 25	3	0.8174386920980926	0.008196106588335002	7652, 7644, 162962	326	8	18308	21.059815950920246	0.9998885847719228	0.2410547607985003	12.33951740738729
GOTERM_BP_FAT	GO:0001523~retinoid metabolic process	4	1.08991825613079	0.008997293607193266	5950, 1592, 340665, 83875	247	23	12981	9.139940151381799	0.9999937592247556	0.6636124858873672	13.750825095628283
GOTERM_BP_FAT	GO:0016101~diterpenoid metabolic process	4	1.08991825613079	0.008997293607193266	5950, 1592, 340665, 83875	247	23	12981	9.139940151381799	0.9999937592247556	0.6636124858873672	13.750825095628283
GOTERM_BP_FAT	GO:0006776~vitamin A metabolic process	4	1.08991825613079	0.008997293607193266	5950, 1592, 340665, 83875	247	23	12981	9.139940151381799	0.9999937592247556	0.6636124858873672	13.750825095628283
SP_PIR_KEYWORDS	iron	12	3.2697547683923704	0.01045102758947517	55693, 3048, 3047, 1592, 6392, 51167, 340665, 83875, 53940, 3043, 3045, 3046	326	276	18353	2.4477193918378237	0.9581146423365536	0.16160650198844806	13.110627457825508
GOTERM_BP_FAT	GO:0006721~terpenoid metabolic process	4	1.08991825613079	0.011365026489211987	5950, 1592, 340665, 83875	247	25	12981	8.408744939271255	0.9999997383649275	0.7172030876374365	17.06244433803832
SP_PIR_KEYWORDS	zinc-finger	43	11.716621253405995	0.012110286926514509	10346, 445372, 7652, 10150, 55762, 90317, 7576, 862, 84436, 55769, 100129543, 117854, 27086, 81856, 51136, 388558, 57615, 152485, 400713, 163223, 90321, 148213, 1756, 7644, 171392, 125893, 113835, 148198, 162966, 154214, 162967, 147658, 85363, 147657, 162962, 162963, 9668, 284371, 284370, 4591, 147660, 79986, 80110, 53840, 8411, 90333, 4281	326	1664	18353	1.4548043741151486	0.9747677565528607	0.17606602005487215	15.039426475569096
INTERPRO	IPR013098:Immunoglobulin I-set	8	2.17983651226158	0.012406871065502064	50937, 9172, 64221, 4684, 158038, 54538, 90952, 1630	288	138	15967	3.2139694041867948	0.9972057444224318	0.25473057182949543	16.3284235876186
GOTERM_CC_FAT	GO:0005886~plasma membrane	81	22.070844686648503	0.014923681417212165	79473, 119678, 119679, 338557, 137735, 26595, 5911, 2813, 79339, 390054, 390059, 90952, 116337, 8502, 390058, 85461, 4360, 1756, 9638, 390271, 390275, 8029, 8027, 24145, 390061, 6198, 390063, 390064, 390066, 390067, 134957, 8411, 26493, 26494, 5787, 283160, 390265, 390264, 5146, 4684, 219865, 762, 390081, 124274, 23538, 390077, 390078, 5801, 283111, 390075, 51196, 283159, 390072, 245972, 84059, 10178, 219858, 23584, 390079, 115111, 27345, 282763, 154810, 26509, 10888, 220296, 219870, 9892, 641654, 340980, 7431, 85458, 390083, 390084, 1213, 79345, 5101, 338751, 219869, 7369, 8471, 283162, 387748	220	3620	12245	1.245410597689603	0.9770417094619933	0.8484800655424948	17.754112435806856
GOTERM_CC_FAT	GO:0015630~microtubule cytoskeleton	18	4.904632152588556	0.015672805146398475	9638, 55762, 10513, 115201, 1111, 22832, 51115, 26509, 55567, 1070, 51174, 348235, 9702, 55165, 5518, 63876, 10733, 4281	220	535	12245	1.8726423109600678	0.9810324840249334	0.7333119927969626	18.563452876963773
GOTERM_CC_FAT	GO:0005814~centriole	4	1.08991825613079	0.017547232096886616	51174, 55165, 10733, 1070	220	31	12245	7.181818181818182	0.9882447514569369	0.6707256099173026	20.556450656264545
GOTERM_CC_FAT	GO:0005813~centrosome	10	2.7247956403269753	0.01853180844474597	51174, 9638, 9702, 55165, 55762, 22832, 1111, 26509, 10733, 1070	220	222	12245	2.5071662571662574	0.990860267122765	0.6089910479247408	21.585179069412487
GOTERM_BP_FAT	GO:0006355~regulation of transcription, DNA-dependent	45	12.26158038147139	0.019148196745702787	10346, 7652, 55762, 7576, 90317, 862, 137735, 84436, 9096, 55769, 100129543, 3169, 27086, 81856, 388558, 57615, 400713, 6660, 163223, 63876, 90321, 7110, 7644, 171392, 84441, 125893, 148198, 113835, 162967, 147658, 147657, 4848, 162962, 23493, 162963, 9668, 284371, 399669, 284370, 4286, 55553, 80110, 7757, 10622, 90333, 730087, 4086	247	1703	12981	1.38870200479744	0.9999999999926531	0.8608297924842777	27.126679580584025
SP_PIR_KEYWORDS	polymorphism	219	59.67302452316077	0.01956487570791901	79473, 10346, 153364, 55841, 51174, 256471, 50613, 79339, 7164, 120379, 390058, 85461, 8029, 8027, 64478, 390061, 390063, 10090, 390064, 51167, 123876, 390066, 390067, 8411, 340547, 440107, 213, 390081, 3843, 1070, 81856, 167681, 390077, 390078, 390075, 51196, 174, 390072, 173, 388558, 57615, 89874, 163223, 10733, 10735, 100130742, 125893, 282763, 10888, 641654, 85458, 390083, 79345, 338751, 5238, 112479, 2823, 23033, 56203, 7652, 84436, 26595, 9200, 6392, 8502, 4360, 7644, 4361, 80071, 221074, 60487, 147658, 147657, 4848, 6198, 9702, 204474, 143686, 130940, 143689, 55762, 7576, 4684, 56, 23052, 862, 9096, 55769, 55623, 5518, 84059, 148213, 157724, 171392, 118924, 154214, 340980, 7369, 8471, 4068, 90025, 387748, 50937, 117854, 100129543, 83875, 54714, 55181, 54414, 51633, 79886, 83480, 116285, 1288, 63897, 116337, 1287, 9638, 6296, 54726, 349633, 53940, 4591, 64221, 80173, 134957, 166824, 90333, 54828, 445372, 283160, 54536, 51020, 5146, 90317, 54538, 143630, 1787, 5801, 55165, 23328, 283159, 245972, 144100, 10178, 63876, 90321, 55074, 694, 26057, 7110, 10513, 4013, 1111, 51115, 162966, 162962, 23493, 162963, 9172, 9039, 574028, 1630, 283162, 219844, 100169851, 3048, 3047, 119678, 119679, 22832, 10393, 160065, 135114, 11059, 90952, 151531, 1756, 55693, 390271, 219855, 390275, 55297, 135112, 148198, 92196, 85363, 24145, 168975, 53840, 340665, 26494, 3043, 5787, 3045, 390265, 390264, 219865, 762, 3169, 55567, 283111, 158038, 2526, 341208, 166785, 8895, 8898, 84669, 22824, 80746, 115111, 85481, 27345, 1737, 154810, 26509, 220296, 219870, 9668, 284370, 80110, 54988, 145282, 403312	326	11277	18353	1.0933016384399323	0.99743848922108	0.25796428409267125	23.226050996339985
SP_PIR_KEYWORDS	chromoprotein	5	1.3623978201634876	0.02049244681880686	3048, 3047, 3043, 3045, 3046	326	59	18353	4.770978475616097	0.9980753473523296	0.25752224623540965	24.191981217480595
GOTERM_BP_FAT	GO:0042573~retinoic acid metabolic process	3	0.8174386920980926	0.020829078238909535	1592, 340665, 83875	247	12	12981	13.138663967611336	0.9999999999992443	0.863802197782546	29.14400198716769
PIR_SUPERFAMILY	PIRSF003152:G protein-coupled olfactory receptor, class II	13	3.5422343324250685	0.020910472074743225	283160, 390265, 390264, 390271, 219865, 390275, 26595, 219870, 283159, 219869, 26493, 26494, 219858, 283162	148	299	7098	2.0851938895417157	0.9173878645114552	0.2996873384870049	21.482205175325085
GOTERM_MF_FAT	GO:0005506~iron ion binding	12	3.2697547683923704	0.02185213970761571	55693, 3048, 3047, 1592, 6392, 51167, 340665, 83875, 53940, 3043, 3045, 3046	231	296	12441	2.1833976833976836	0.9995107220004159	0.47017842336694393	26.031766923147813
GOTERM_BP_FAT	GO:0034754~cellular hormone metabolic process	5	1.3623978201634876	0.022708375422325122	5950, 1592, 174, 340665, 83875	247	57	12981	4.610057532495206	0.9999999999999408	0.8687385386155988	31.33732694069011
GOTERM_BP_FAT	GO:0010817~regulation of hormone levels	8	2.17983651226158	0.02338778156594698	5950, 1592, 174, 51167, 340665, 338557, 3169, 83875	247	149	12981	2.8217264896883405	0.9999999999999765	0.8593228802877991	32.11445042664993
SP_PIR_KEYWORDS	fatty acid metabolism	5	1.3623978201634876	0.024112086755261	348158, 123876, 6296, 116285, 54988	326	62	18353	4.540124678408866	0.9993708102828106	0.2846969555628015	27.854766827510446
GOTERM_BP_FAT	GO:0006775~fat-soluble vitamin metabolic process	4	1.08991825613079	0.02414084576969997	5950, 1592, 340665, 83875	247	33	12981	6.370261317629739	0.9999999999999916	0.8513390321905122	32.966173236522
GOTERM_BP_FAT	GO:0070206~protein trimerization	3	0.8174386920980926	0.024312444974996808	445372, 10346, 53840, 117854, 85363	247	13	12981	12.127997508564311	0.9999999999999933	0.8368602735173697	33.1588448879029
GOTERM_BP_FAT	GO:0051252~regulation of RNA metabolic process	45	12.26158038147139	0.027356573553928114	10346, 7652, 55762, 7576, 90317, 862, 137735, 84436, 9096, 55769, 100129543, 3169, 27086, 81856, 388558, 57615, 400713, 6660, 163223, 63876, 90321, 7110, 7644, 171392, 84441, 125893, 148198, 113835, 162967, 147658, 147657, 4848, 162962, 23493, 162963, 9668, 284371, 399669, 284370, 4286, 55553, 80110, 7757, 10622, 90333, 730087, 4086	247	1743	12981	1.3568327677395529	0.9999999999999999	0.8556914738176741	36.49155863289414
UP_SEQ_FEATURE	domain:Fibronectin type-III 2	7	1.9073569482288828	0.027662294983479566	50937, 9172, 64221, 4684, 54538, 1630, 5787	326	129	18308	3.047415228040139	0.9999999999999665	0.5984882045824234	36.167321365681545
UP_SEQ_FEATURE	domain:Fibronectin type-III 1	7	1.9073569482288828	0.028585324953478396	50937, 9172, 64221, 4684, 54538, 1630, 5787	326	130	18308	3.0239735724398304	0.9999999999999882	0.6000669854656118	37.130131924238384
OMIM_DISEASE	Fetal hemoglobin quantitative trait locus 1	2	0.544959128065395	0.028931557092138033	3048, 3047	45	2	3020	67.11111111111111	0.8926040478264897	0.8926040478264897	26.577359506246758
SMART	SM00336:BBOX	5	1.3623978201634876	0.02977314219814041	445372, 10346, 4591, 53840, 117854, 85363, 4281	152	68	8735	4.225522445820434	0.9629158019213826	0.37540512963757644	28.888306327587575
GOTERM_BP_FAT	GO:0016998~cell wall macromolecule catabolic process	3	0.8174386920980926	0.03192751979969867	55074, 135112, 116068	247	15	12981	10.51093117408907	1.0	0.88366990717549	41.204089103732436
SP_PIR_KEYWORDS	zinc	50	13.623978201634879	0.03317448771640704	10346, 10150, 153364, 7652, 84436, 100129543, 117854, 51136, 400713, 1756, 55693, 7644, 26521, 221074, 148198, 147658, 85363, 147657, 4591, 147660, 79986, 53840, 8411, 90333, 445372, 55762, 7576, 90317, 213, 862, 762, 55769, 27086, 81856, 388558, 57615, 152485, 163223, 5805, 90321, 148213, 171392, 125893, 113835, 162966, 154214, 162967, 162962, 162963, 9668, 284371, 284370, 80110, 4281	326	2130	18353	1.3215386387856793	0.9999624052867016	0.3578829412710498	36.31927567402802
INTERPRO	IPR000315:Zinc finger, B-box	5	1.3623978201634876	0.03395541320316343	445372, 10346, 4591, 53840, 117854, 85363, 4281	288	68	15967	4.076542075163399	0.9999999141643541	0.5392047594119824	38.93833772255459
UP_SEQ_FEATURE	site:Aspirin-acetylated lysine	2	0.544959128065395	0.035189430949984835	213, 3043	326	2	18308	56.15950920245399	1.0	0.6673210869014842	43.63191299021851
UP_SEQ_FEATURE	chain:Olfactory receptor 51B5	2	0.544959128065395	0.035189430949984835	282763, 390058	326	2	18308	56.15950920245399	1.0	0.6673210869014842	43.63191299021851
GOTERM_CC_FAT	GO:0005815~microtubule organizing center	10	2.7247956403269753	0.03589708596722268	51174, 9638, 9702, 55165, 55762, 22832, 1111, 26509, 10733, 1070	220	250	12245	2.2263636363636365	0.999896492390514	0.7833150674837881	37.82466014947386
GOTERM_BP_FAT	GO:0044036~cell wall macromolecule metabolic process	3	0.8174386920980926	0.03604052503465616	55074, 135112, 116068	247	16	12981	9.853997975708502	1.0	0.9015024110788692	45.16194906185835
SP_PIR_KEYWORDS	chemotaxis	5	1.3623978201634876	0.03883098805333104	64221, 5473, 6372, 5196, 3576	326	72	18353	3.9095518064076344	0.9999936096045009	0.392475697175782	41.126486641263895
KEGG_PATHWAY	hsa00650:Butanoate metabolism	4	1.08991825613079	0.04061372106211416	123876, 6296, 116285, 54988	113	34	4949	5.152524726704841	0.9770168915308582	0.8483981910756281	36.3652048279617
PIR_SUPERFAMILY	PIRSF038445:transcription factor Sox5/Sox6/Sox13	2	0.544959128065395	0.04099406949999467	55553, 6660	148	2	7098	47.95945945945947	0.9928400076646222	0.46065821310550115	38.06218024361235
PIR_SUPERFAMILY	PIRSF500566:platelet factor 4	2	0.544959128065395	0.04099406949999467	5196, 5197	148	2	7098	47.95945945945947	0.9928400076646222	0.46065821310550115	38.06218024361235
PIR_SUPERFAMILY	PIRSF002520:serum albumin	2	0.544959128065395	0.04099406949999467	174, 173	148	2	7098	47.95945945945947	0.9928400076646222	0.46065821310550115	38.06218024361235
SP_PIR_KEYWORDS	Transcription	47	12.806539509536785	0.04156239078404625	10346, 7652, 84436, 137735, 100129543, 6660, 55693, 7644, 84441, 135112, 148198, 147658, 4848, 147657, 79986, 147660, 55553, 10622, 90333, 4086, 55762, 90317, 7576, 862, 9096, 3169, 55769, 27086, 81856, 57615, 388558, 152485, 163223, 90321, 148213, 7110, 171392, 125893, 113835, 162966, 162967, 23493, 162962, 162963, 9668, 284371, 284370, 4286, 80110	326	2010	18353	1.316410279888899	0.9999972942863058	0.4011869263041158	43.32550216568135
SMART	SM00568:GRAM	3	0.8174386920980926	0.04188525828761945	55074, 135112, 8898	152	19	8735	9.073753462603879	0.9905700381549777	0.44176926783210135	38.283085239755124
SMART	SM00060:FN3	8	2.17983651226158	0.043286920942738796	50937, 9172, 64221, 4684, 54538, 1630, 5787, 4281	152	187	8735	2.458485786659161	0.9919609169142221	0.41487969607056163	39.2938409501
UP_SEQ_FEATURE	domain:Ig-like C2-type 4	5	1.3623978201634876	0.04438593632816984	50937, 9172, 64221, 4684, 1630	326	75	18308	3.743967280163599	1.0	0.7426005611156109	51.64176859541565
UP_SEQ_FEATURE	sequence variant	224	61.03542234332425	0.04477671083710792	79473, 10346, 153364, 55841, 51174, 256471, 50613, 79339, 7164, 120379, 390058, 85461, 8029, 8027, 64478, 390061, 390063, 10090, 390064, 51167, 123876, 390066, 390067, 8411, 340547, 440107, 213, 390081, 3843, 1070, 81856, 167681, 390077, 390078, 390075, 51196, 174, 390072, 173, 388558, 57615, 89874, 163223, 10733, 10735, 100130742, 125893, 282763, 10888, 641654, 85458, 390083, 79345, 338751, 5238, 112479, 2823, 23033, 56203, 7652, 84436, 26595, 9200, 6392, 8502, 4360, 7644, 4361, 80071, 221074, 60487, 147658, 147657, 4848, 9211, 6198, 9702, 204474, 143686, 130940, 143689, 55762, 7576, 4684, 56, 23052, 862, 9096, 55769, 55623, 5518, 84059, 148213, 157724, 171392, 118924, 154214, 340980, 4286, 7369, 8471, 4068, 90025, 387748, 4281, 50937, 5950, 117854, 100129543, 83875, 54714, 55181, 54414, 51633, 79886, 83480, 116285, 1288, 63897, 116337, 1287, 9638, 6296, 54726, 349633, 53940, 4591, 64221, 80173, 134957, 166824, 90333, 54828, 445372, 283160, 54536, 51020, 5146, 90317, 54538, 143630, 1787, 5801, 55165, 23328, 283159, 245972, 144100, 10178, 63876, 90321, 5805, 55074, 694, 26057, 7110, 10513, 4013, 1111, 51115, 162966, 162962, 23493, 162963, 9172, 9039, 574028, 1630, 283162, 219844, 100169851, 3048, 3047, 119678, 119679, 22832, 10393, 160065, 135114, 11059, 90952, 151531, 1756, 55693, 390271, 219855, 390275, 55297, 135112, 148198, 92196, 85363, 24145, 168975, 53840, 340665, 26494, 3043, 5787, 3045, 390265, 390264, 219865, 762, 3169, 55567, 283111, 158038, 2526, 341208, 166785, 8895, 8898, 84669, 22824, 80746, 115111, 85481, 27345, 1737, 154810, 26509, 220296, 219870, 9668, 284370, 80110, 54988, 145282, 403312	326	11719	18308	1.0734473983573423	1.0	0.7363984568095099	51.95724827069368
INTERPRO	IPR008957:Fibronectin, type III-like fold	8	2.17983651226158	0.044919335749816366	50937, 9172, 64221, 4684, 54538, 1630, 5787, 4281	288	180	15967	2.464043209876543	0.9999999996029321	0.6261686872581103	48.12191337159353
INTERPRO	IPR004182:GRAM	3	0.8174386920980926	0.04502809316866706	55074, 135112, 8898	288	19	15967	8.753837719298245	0.9999999996236685	0.6107378288435863	48.206204988714276
SP_PIR_KEYWORDS	glycoprotein	88	23.978201634877383	0.04714777414805402	79473, 50937, 119678, 119679, 338557, 26595, 54714, 54414, 2813, 9200, 79339, 390054, 390059, 338596, 1288, 90952, 1287, 390058, 116337, 4360, 219855, 390271, 390275, 8029, 349633, 64478, 24145, 9211, 390061, 10090, 204474, 64221, 390064, 390066, 390067, 116068, 285203, 26493, 26494, 3043, 5787, 283160, 390265, 340547, 390264, 4684, 54538, 219865, 213, 56, 762, 390081, 124274, 23538, 3703, 64922, 167681, 390077, 390078, 5801, 283111, 174, 158038, 173, 283159, 390072, 2526, 10178, 341208, 219858, 23584, 80167, 390079, 27345, 5197, 10888, 220296, 641654, 340980, 390083, 390084, 79345, 5101, 338751, 219869, 7369, 2823, 1630, 283162, 387748	326	4169	18353	1.1883387021059617	0.999999536855031	0.42934486593128685	47.58760175186549
GOTERM_MF_FAT	GO:0005125~cytokine activity	8	2.17983651226158	0.04747064662959151	2919, 6374, 3606, 5473, 6372, 5196, 5197, 3576	231	178	12441	2.4205457463884428	0.9999999483539731	0.7249166033552168	48.507749234065464
GOTERM_BP_FAT	GO:0042445~hormone metabolic process	6	1.6348773841961852	0.04765807459400863	5950, 1592, 174, 340665, 3169, 83875	247	104	12981	3.031999377141078	1.0	0.947302443172124	55.03311153099679
UP_SEQ_FEATURE	zinc finger region:C2H2-type 5; degenerate	3	0.8174386920980926	0.04837088955730113	7652, 147657, 148213	326	20	18308	8.4239263803681	1.0	0.7548868640430862	54.7697722839207
GOTERM_BP_FAT	GO:0006720~isoprenoid metabolic process	4	1.08991825613079	0.05041776945634045	5950, 1592, 340665, 83875	247	44	12981	4.7776959882223045	1.0	0.9493354320878888	57.11904292866738
GOTERM_BP_FAT	GO:0006766~vitamin metabolic process	5	1.3623978201634876	0.05174681680161556	4199, 5950, 1592, 340665, 83875	247	74	12981	3.5509902615165774	1.0	0.9469032319462959	58.09087313816096
INTERPRO	IPR003961:Fibronectin, type III	8	2.17983651226158	0.05254074964702049	50937, 9172, 64221, 4684, 54538, 1630, 5787, 4281	288	187	15967	2.3718062982768866	0.9999999999908796	0.6532626678105173	53.73009553831227
INTERPRO	IPR000990:Innexin	2	0.544959128065395	0.05296352643041801	116337, 24145	288	3	15967	36.960648148148145	0.9999999999926087	0.641285666069187	54.02404512088599
GOTERM_MF_FAT	GO:0008270~zinc ion binding	52	14.168937329700274	0.0539983193109452	10346, 10150, 153364, 7652, 84436, 100129543, 117854, 51136, 400713, 1756, 55693, 7644, 26521, 221074, 148198, 147658, 85363, 147657, 4591, 147660, 79986, 53840, 8411, 90333, 730087, 445372, 55762, 7576, 90317, 862, 762, 55769, 27086, 81856, 388558, 57615, 152485, 163223, 5805, 90321, 148213, 171392, 125893, 113835, 162966, 154214, 162967, 162962, 162963, 9668, 284371, 284370, 80110, 7757, 112479, 4281	231	2223	12441	1.2598162071846284	0.9999999951837585	0.7453710774372546	53.120381125572514
GOTERM_BP_FAT	GO:0034653~retinoic acid catabolic process	2	0.544959128065395	0.055785948694457334	1592, 340665	247	3	12981	35.036437246963565	1.0	0.9523857278308484	60.91899543987355
GOTERM_MF_FAT	GO:0005501~retinoid binding	3	0.8174386920980926	0.056759861608473	5950, 1592, 340665	231	21	12441	7.6938775510204085	0.9999999982433538	0.7391971778108828	54.953952096381364
UP_SEQ_FEATURE	glycosylation site:N-linked (GlcNAc...)	84	22.888283378746593	0.057040206063067964	79473, 50937, 119678, 119679, 338557, 26595, 54714, 54414, 2813, 9200, 79339, 390054, 390059, 338596, 1288, 90952, 1287, 390058, 116337, 4360, 219855, 390271, 390275, 8029, 349633, 64478, 24145, 9211, 390061, 10090, 204474, 64221, 390064, 390066, 390067, 116068, 285203, 26493, 26494, 5787, 283160, 390265, 340547, 390264, 4684, 54538, 219865, 56, 390081, 124274, 23538, 3703, 64922, 167681, 390077, 390078, 5801, 283111, 174, 158038, 173, 283159, 390072, 2526, 10178, 341208, 219858, 23584, 80167, 390079, 27345, 10888, 220296, 641654, 340980, 390083, 390084, 79345, 5101, 338751, 219869, 7369, 2823, 1630, 283162, 387748	326	3984	18308	1.1840860374011384	1.0	0.8028774512563793	60.93156777633786
UP_SEQ_FEATURE	domain:Fibronectin type-III 3	5	1.3623978201634876	0.05812296942089776	50937, 9172, 64221, 1630, 5787	326	82	18308	3.424360317222804	1.0	0.801171860690495	61.64330307860041
GOTERM_BP_FAT	GO:0019748~secondary metabolic process	5	1.3623978201634876	0.06057707652033144	4199, 5950, 1592, 340665, 83875	247	78	12981	3.3688881968234194	1.0	0.9587029691957369	64.04122343422655
UP_SEQ_FEATURE	zinc finger region:B box-type	4	1.08991825613079	0.061850607980037	445372, 10346, 4591, 53840, 117854, 85363	326	51	18308	4.404667388427764	1.0	0.8138644308330658	64.00173646641382
SP_PIR_KEYWORDS	transcription regulation	45	12.26158038147139	0.06285914530049737	10346, 7652, 55762, 7576, 90317, 862, 137735, 84436, 9096, 55769, 100129543, 3169, 27086, 81856, 57615, 152485, 6660, 163223, 90321, 148213, 55693, 7110, 7644, 171392, 84441, 125893, 148198, 135112, 113835, 162966, 162967, 147658, 147657, 4848, 162962, 23493, 162963, 9668, 284371, 284370, 4286, 147660, 79986, 55553, 80110, 90333, 4086	326	1965	18353	1.2892567789069451	0.9999999969445783	0.5162374274793144	58.03896922541245
SP_PIR_KEYWORDS	metalloprotein	6	1.6348773841961852	0.06410195107755572	3048, 3047, 762, 3043, 3045, 3046	326	121	18353	2.7916138518480964	0.9999999979534627	0.5105827489806923	58.777261271023676
OMIM_DISEASE	Conduct disorder and ADHD: Evaluation of conduct problems as a categorical and quantitative trait in the international multicentre ADHD genetics study	3	0.8174386920980926	0.06571101147428157	55693, 154810, 51503	45	29	3020	6.942528735632184	0.994290823053156	0.924440904274574	51.09268652897816
GOTERM_MF_FAT	GO:0019840~isoprenoid binding	3	0.8174386920980926	0.06677020072361298	5950, 1592, 340665	231	23	12441	7.024844720496895	0.9999999999557344	0.7746388016988165	61.05798076839961
GOTERM_BP_FAT	GO:0016202~regulation of striated muscle tissue development	4	1.08991825613079	0.06878830107617573	5950, 694, 6198, 23493	247	50	12981	4.2043724696356275	1.0	0.9698050938442606	68.85416023510804
UP_SEQ_FEATURE	domain:CUB 10	2	0.544959128065395	0.06914424201466181	8029, 64478	326	4	18308	28.079754601226995	1.0	0.8416470671055734	68.22839562190227
UP_SEQ_FEATURE	domain:CUB 11	2	0.544959128065395	0.06914424201466181	8029, 64478	326	4	18308	28.079754601226995	1.0	0.8416470671055734	68.22839562190227
UP_SEQ_FEATURE	domain:CUB 8	2	0.544959128065395	0.06914424201466181	8029, 64478	326	4	18308	28.079754601226995	1.0	0.8416470671055734	68.22839562190227
UP_SEQ_FEATURE	domain:CUB 6	2	0.544959128065395	0.06914424201466181	8029, 64478	326	4	18308	28.079754601226995	1.0	0.8416470671055734	68.22839562190227
UP_SEQ_FEATURE	domain:CUB 7	2	0.544959128065395	0.06914424201466181	8029, 64478	326	4	18308	28.079754601226995	1.0	0.8416470671055734	68.22839562190227
UP_SEQ_FEATURE	domain:CUB 9	2	0.544959128065395	0.06914424201466181	8029, 64478	326	4	18308	28.079754601226995	1.0	0.8416470671055734	68.22839562190227
UP_SEQ_FEATURE	domain:CUB 13	2	0.544959128065395	0.06914424201466181	8029, 64478	326	4	18308	28.079754601226995	1.0	0.8416470671055734	68.22839562190227
UP_SEQ_FEATURE	domain:CUB 14	2	0.544959128065395	0.06914424201466181	8029, 64478	326	4	18308	28.079754601226995	1.0	0.8416470671055734	68.22839562190227
UP_SEQ_FEATURE	domain:CUB 12	2	0.544959128065395	0.06914424201466181	8029, 64478	326	4	18308	28.079754601226995	1.0	0.8416470671055734	68.22839562190227
GOTERM_BP_FAT	GO:0048634~regulation of muscle development	4	1.08991825613079	0.07210768587930697	5950, 694, 6198, 23493	247	51	12981	4.121933793760419	1.0	0.9711079651467844	70.62238254136702
SP_PIR_KEYWORDS	cytokine	7	1.9073569482288828	0.07357578629399444	2919, 6374, 3606, 5473, 6372, 5196, 3576	326	165	18353	2.3883807399144823	0.9999999999052479	0.5488041045084622	64.0225335102243
UP_SEQ_FEATURE	domain:Ig-like C2-type 5	4	1.08991825613079	0.0740665108870268	50937, 9172, 64221, 4684	326	55	18308	4.084327941996654	1.0	0.8554768240030124	70.8128471410728
GOTERM_MF_FAT	GO:0033293~monocarboxylic acid binding	4	1.08991825613079	0.07785758046325408	1592, 213, 340665, 338557	231	54	12441	3.9894179894179898	0.9999999999992834	0.80697814697076	66.91892389498007
GOTERM_CC_FAT	GO:0044450~microtubule organizing center part	4	1.08991825613079	0.07848891498623023	51174, 55165, 10733, 1070	220	56	12245	3.9756493506493507	0.9999999987707463	0.9466552548792256	65.44278853677994
GOTERM_BP_FAT	GO:0006935~chemotaxis	7	1.9073569482288828	0.0801716299448362	64221, 2919, 6374, 5473, 6372, 5196, 3576	247	158	12981	2.3283708297032746	1.0	0.9780959344489153	74.5333966702714
GOTERM_BP_FAT	GO:0042330~taxis	7	1.9073569482288828	0.0801716299448362	64221, 2919, 6374, 5473, 6372, 5196, 3576	247	158	12981	2.3283708297032746	1.0	0.9780959344489153	74.5333966702714
PIR_SUPERFAMILY	PIRSF500568:growth regulated protein, alpha/beta/gamma types	2	0.544959128065395	0.08031859054216584	6374, 5473	148	4	7098	23.979729729729733	0.999948806584191	0.666384659799786	61.642299084673816
SMART	SM00584:TLDc	2	0.544959128065395	0.08351523662671877	55074, 135112	152	5	8735	22.986842105263158	0.9999255864265206	0.6134860116927191	62.605952308271185
UP_SEQ_FEATURE	nucleotide phosphate-binding region:cGMP	2	0.544959128065395	0.08567222067318772	5146, 54714	326	5	18308	22.463803680981595	1.0	0.889344881864519	76.14761686694453
UP_SEQ_FEATURE	repeat:EAR 6	2	0.544959128065395	0.08567222067318772	9211, 84059	326	5	18308	22.463803680981595	1.0	0.889344881864519	76.14761686694453
UP_SEQ_FEATURE	domain:TLD	2	0.544959128065395	0.08567222067318772	55074, 135112	326	5	18308	22.463803680981595	1.0	0.889344881864519	76.14761686694453
UP_SEQ_FEATURE	repeat:EAR 5	2	0.544959128065395	0.08567222067318772	9211, 84059	326	5	18308	22.463803680981595	1.0	0.889344881864519	76.14761686694453
INTERPRO	IPR003879:Butyrophylin-like	4	1.08991825613079	0.08627245587730664	445372, 10346, 53840, 117854, 85363, 4281	288	58	15967	3.8235153256704977	1.0	0.8049348191233223	72.42685747521162
INTERPRO	IPR006571:TLDc	2	0.544959128065395	0.08671003477551326	55074, 135112	288	5	15967	22.176388888888887	1.0	0.7944864747465303	72.61481314345782
GOTERM_BP_FAT	GO:0042574~retinal metabolic process	2	0.544959128065395	0.09124349477926141	5950, 83875	247	5	12981	21.02186234817814	1.0	0.9854326368703866	79.1123319270494
GOTERM_BP_FAT	GO:0043288~apocarotenoid metabolic process	2	0.544959128065395	0.09124349477926141	5950, 83875	247	5	12981	21.02186234817814	1.0	0.9854326368703866	79.1123319270494
GOTERM_BP_FAT	GO:0006470~protein amino acid dephosphorylation	6	1.6348773841961852	0.09618783057498793	5801, 8493, 9200, 5518, 5787, 8898	247	128	12981	2.4634994939271255	1.0	0.9867785292752836	80.8966448209057
SMART	SM00111:C4	2	0.544959128065395	0.09936737858259184	1288, 1287	152	6	8735	19.155701754385962	0.9999888904519979	0.6455061030164673	69.2862137793384
COG_ONTOLOGY	Lipid metabolism	5	1.3623978201634876	0.09958368057534078	348158, 123876, 6296, 116285, 54988	57	61	1918	2.7581248202473394	0.7697460932702577	0.7697460932702577	50.961411087910456
