EntrezGene ID
100874343
2187
101927630
102659288
100131902
5289
152518
5597
100873770
1003
389558
133558
100500886
102466515
574511
9652
100113393
406996
100422882
647087
101930655
100616343
574508
100422891
406918
101929058
692057
135152
100302114
100616435
100616110
100616154
151827
100847056
619564
102467004
26285
102465855
102466250
100313822
574444
574514
100126301
285600
54518
693186
101928545
677679
692086
693185
23092
337985
102466720
406977
28512
442911
100302122
100616369
100422986
574509
64342
693153
115207
574517
574518
55259
57495
26266
100302202
574515
93627
693168
100616473
26765
23350
100288323
100500842
102465476
100313774
54468
574512
4233
100302127
4126
102465254
100847076
100847002
100847064
6780
266919
574516
29766
574507
100126311
100500900
101928739
100126337
693224
677776
100616166
574513
100616229
574510
27131
29106
100500884
337977
10463
54537
100500809
100422847
27094
337978
5457
5634
9975
5290
100313777
401124
102723335
440184
114770
23165
101927740
102724287
4790
9358
153642
58525
55180
100500861
285636
79596
100996669
56204
100130938
100874092
57577
7324
283432
693177
100506682
100874175
100506258
3841
5230
730249
2560
8975
10776
10243
64864
100874222
158747
6996
5740
390093
26993
26496
283298
26499
51311
10670
349408
26017
7323
54816
145783
25769
29062
2259
100505921
54801
26762
23431
1588
6119
64895
414319
256586
4713
143425
10246
140460
26137
4033
1910
79831
388818
2162
100874239
23548
8824
9334
643812
8796
92667
6014
79041
3662
10799
6615
55667
2444
222194
840
29767
344657
338322
79691
337959
102725110
728402
100885778
6480
4739
5966
342979
140258
84912
259232
58495
10050
101927620
101928076
114815
4148
729852
9937
57834
117286
4850
5890
79799
55930
102723652
221613
337960
337963
100302172
26136
113263
221692
11063
100505865
4012
101927950
800
101927972
54974
10590
101928222
64926
10786
388121
79782
10667
100996442
101928344
101929540
101930567
102723986
100288102
6870
116832
55777
285025
100508631
10668
56913
100874002
101927832
113230
23491
100874126
100507373
101929106
132112
10755
858
5019
23581
3175
4644
8418
139411
285766
10744
652
10270
22859
3998
100996266
23216
221302
9073
5283
102723606
374470
9562
256714
30062
1783
221303
55576
5000
643542
92126
3756
102724299
101927430
9779
26539
1539
344658
51019
5367
100874296
55010
4300
8701
161145
284433
8529
23309
4741
143384
79571
22841
337971
337972
255082
29999
9741
317671
64167
5648
102725441
100506451
100506126
338323
51299
83890
57475
120065
101928353
120066
117579
4051
9435
8495
381
652995
55775
27044
10681
22797
55758
2834
11228
384
55669
9859
102725459
101927792
2295
23161
283299
55342
22852
100505538
126370
64062
146395
4811
11169
102724434
101927609
100113407
53904
976
341277
11283
3336
100847034
102466866
102723751
100422984
196
285195
644759
7366
414243
100873065
100132987
93653
23597
338069
100616441
56605
102465688
4008
161142
101929117
6652
27099
64108
168400
51559
550112
2742
51109
100505518
6750
83550
2332
7107
123
3329
135154
84674
7367
57546
26343
100126270
100288287
26659
1310
55905
8907
23333
100533975
344892
23270
26664
2975
128178
7982
93655
102466616
389208
23451
100885796
153643
7188
160492
63877
81571
604
345557
10175
10396
54960
7171
100874151
337968
204219
347487
23637
2844
401135
101928663
2122
55536
10490
399881
1033
344787
100506474
51430
100874206
6444
25940
83891
645528
25843
100529241
101928790
5053
101929036
100506457
343035
7779
114884
91404
255626
100131635
7095
101930126
4854
102723320
168850
51555
54914
60526
2572
23369
338864
101926975
337967
429
140836
1906
989
100128164
340485
439933
102723646
831
116984
221710
59345
337979
405754
101927095
151126
4751
26122
1879
2643
100190949
201595
337966
79871
84830
91548
356
10000
337879
657
79852
23312
57579
646457
9926
150962
101929491
101927155
5585
10007
8728
55723
337975
152573
283050
136319
767558
101928309
101928915
2762
100507261
389207
170691
7347
26272
51144
100144748
100287902
283888
132724
50615
5782
285601
83989
55127
102467077
648791
30817
6239
5366
101929548
337878
55761
5728
7259
6194
102724076
29940
201633
79086
101927726
10994
10806
23228
9750
57205
688
6934
619279
55824
285627
79846
28983
101927675
84896
26224
5734
55276
55286
101929448
101927195
10365
631
340267
6745
2894
1203
387644
768211
101927766
26999
126402
9002
53905
6511
123920
10253
90701
27151
146227
220441
9450
387763
7547
142913
26258
63931
10523
51389
100874208
54602
85360
401494
339529
23034
3964
8539
285782
170622
7084
4218
27101
57016
101928845
84658
147
4052
220
101929734
7634
101928271
830
285780
10800
126536
100506725
222546
441168
202299
101929310
55281
9060
9069
102723899
57129
7325
135458
23063
22936
84941
53335
25896
78996
10564
80311
10549
57706
55770
11034
85865
101927446
100128079
286410
84449
58472
11128
83732
27068
7163
23247
647288
101928333
283848
79705
203430
283651
346673
6167
122060
80821
2918
158521
6303
7782
6671
654
51752
153830
100505854
79029
729
340351
6555
3778
10006
94233
6719
81567
86
84419
55329
51700
102723491
100529251
1965
55332
79023
102724564
79939
9758
153743
57492
3745
728190
102725504
51192
348938
1014
57703
25780
101927697
79807
286204
64398
643803
9685
284260
102724071
7184
728118
1814
54898
101059921
101930246
9153
83468
94234
9882
374618
101929754
388182
5218
408263
339302
27334
64116
100506409
9443
113540
1297
84868
102724493
2628
8883
387319
4168
5126
231
100128327
8665
254228
50506
400236
102723958
101928553
125972
2296
6229
88
23590
90141
102725477
54951
100628315
101928253
221301
101929773
5362
337973
51382
254158
337974
206426
103724388
55604
5122
26052
100129662
2258
102723483
134510
3800
85025
3702
7114
2846
79135
90527
101928414
253724
56940
100653247
102725064
102725311
100131117
729420
284827
6382
63923
222545
728568
10212
29018
1112
730
28957
154075
101926941
81848
5989
100874155
400957
51193
643161
146225
9441
9674
6938
102723501
857
221120
390892
54848
3337
153745
26333
2246
90525
79812
7761
389206
101928817
205428
401136
84167
57117
538
5334
100130017
1259
388512
55661
11278
92346
3096
80762
405753
101927391
7143
100507300
2037
60412
91746
101927619
254950
10242
23503
2158
337882
337969
11155
5279
9825
100874374
337970
10475
26872
255743
197370
66002
126410
100874330
152519
101927157
10974
54790
101929084
26658
130132
442523
6623
9524
729799
65986
101930454
100874212
51616
158297
388
5562
84456
1062
6197
102724381
5566
1434
27123
261729
27288
732360
151325
101928751
91937
123169
147372
28316
1300
10699
221294
23077
493856
7012
84517
101927354
400512
150159
22836
9255
136332
100129461
283847
766
55892
100874100
79949
5078
57169
441263
80219
9466
28951
57639
10464
285626
101929529
2334
64326
101929577
101928499
441733
2764
3593
64224
102723664
102725224
134353
337880
342035
23315
64393
100289361
2745
145226
51647
8756
3479
2690
51284
148231
126541
2922
27299
441951
26538
26532
79772
3566
103695365
284434
57057
1964
10875
91526
337976
5731
6138
23476
390858
4747
54103
100874078
374354
3845
10017
57157
102723987
102724664
3026
84250
10863
114801
100507203
146223
101927547
101927596
151449
57128
133308
102723830
4892
144363
6414
58513
60682
56898
9231
6236
6568
101929315
100129792
1832
55024
345895
441282
6238
669
154007
4548
66037
2746
4711
92935
