EntrezGene ID
101927642
139596
1052
169522
101928869
80714
339976
102466812
100033422
594
3283
100616119
100616253
100847069
102724836
677803
102723826
100302222
100616339
102465864
3158
100036564
100873857
406919
6263
100033416
100033439
100033448
100033803
100033810
100033817
338427
102466081
10225
91380
285668
100616321
100033425
26247
100033455
100033456
100033458
100033804
100422836
100422870
100422956
102725415
334
100500910
100846994
101954277
100033437
101954264
101954268
100423005
100033446
100033449
338433
100033811
100033436
102724032
100616223
100616228
100616382
140803
100422848
100422917
3963
100033802
116412
100616464
102465908
5465
102465484
100302144
100033435
101928601
100033812
100033426
100033424
406883
100847014
723779
100302149
664614
406892
338428
338429
100033450
54551
26827
101954271
103625684
100126347
102465505
100616187
100033420
102466873
100422886
100422960
100423006
100033453
100302270
100033440
728310
100033801
347686
100302251
102464823
100302153
100423009
100033816
100616336
100033423
554212
100036566
100033821
389874
100422998
100423034
406884
100033445
100422939
100302115
100033460
693134
100500830
693171
100423023
100033441
100033807
100033809
200162
406882
406911
100033415
100033421
100033805
442919
100126317
100500807
100033418
100033417
100033419
100033806
102465488
100616168
100033818
220992
100033447
100616486
6447
890
391192
100036565
391190
102464827
102724604
100422936
100033808
6657
100036567
100033427
100873774
219417
100289656
100033433
102724203
646278
101929232
388762
100033451
100616275
102465976
100033822
441601
51142
100313838
100500828
100616392
100616418
100033430
102465135
100616310
100616331
961
153443
100500878
100033800
100616338
100033444
283194
102465249
407008
693122
100616143
100033814
100500849
100033813
100130673
100507657
100033799
101927137
100873856
441234
57565
27243
642273
127059
102723470
10559
100422879
388910
100616478
100873741
677816
153770
101928233
9760
101927421
51520
102724915
102724932
120400
100033438
92292
100287413
391194
84197
10782
102682016
1164
390181
100033603
133923
56479
102724900
100302233
57038
127062
5393
403253
219432
3987
100288695
5152
22933
100033442
693225
100847013
5455
55212
26245
7033
5063
4173
100033454
10915
119765
23274
391195
10798
283092
100996490
127064
391196
6690
127066
9619
79868
402135
785
4600
10207
127074
401082
254879
23313
339761
81327
134391
101928600
101929618
102723386
102723431
102723606
102723868
102724277
102724561
102725363
102725388
102725412
92797
165055
26696
4249
23514
441212
219453
81328
100507381
101927334
8842
284835
101929147
282775
83699
55679
440040
1266
401992
219957
3617
102724264
791114
101928818
8464
414194
442038
100423000
53828
26751
2737
2895
340252
283796
401081
653505
346288
84133
80146
440224
101926958
6387
10352
343173
65982
102724433
102724496
219479
9246
11326
5316
8439
219437
282770
1894
221336
860
2013
100505940
202020
338674
100422884
202018
100996645
54827
23426
7581
780776
79864
150383
219958
390162
401993
154313
55020
90768
101928703
391211
54101
117
101928255
102724251
284439
644838
120406
343563
3620
730811
219473
7694
101927661
101930566
102800447
100422907
127068
84247
390174
23040
653489
1133
219487
4793
55714
127069
441608
390190
390167
203102
926
26960
390191
51557
127077
403244
51351
79595
401164
7032
6768
653499
10913
4682
102725026
168417
60482
677779
2086
9824
100505718
102723931
728927
9620
403239
169355
101929178
9554
219482
283189
84298
84767
5521
7082
401994
63977
56475
101928226
57099
90827
389336
255025
339822
400931
102725317
84290
730291
100288485
53345
52
9424
57150
117156
54947
102725372
9040
283093
375519
57234
103091866
653061
10394
3185
100240728
100422902
100422946
414899
442319
4948
84541
646627
85456
84417
404037
4599
51643
55267
827
54465
79931
4692
9626
649395
64781
8749
390259
139599
9666
206412
54020
63914
321
84878
5723
2840
94039
728591
9821
79097
7173
81578
101927331
9790
101929959
119764
80851
100506714
101929623
6643
219438
26338
101929341
7380
401491
101930048
101930053
9705
51480
344148
2558
4009
554045
6567
9917
57209
51260
219447
727944
5903
101927533
101060429
130013
100506526
101928971
767846
100288798
101928651
401613
27136
55089
7436
3730
6258
151234
55754
101928795
448831
7827
29068
23504
102724399
54520
285016
79894
6595
54876
100874361
8812
283767
100132202
102723623
646522
101929373
101930031
101930513
102725020
6261
126859
100287639
390168
27335
6299
219938
643699
728047
101059918
10611
905
101928161
400794
84455
54937
100526761
390157
440699
51263
100507175
1903
89765
27306
101930516
64222
317762
6530
102724010
103625681
81050
63978
150568
10785
10402
342945
2192
103695431
7593
27233
102724825
646127
101060322
503519
100036563
100033443
5433
100616390
102724126
100033815
53347
9843
221002
100616474
2562
81539
26341
57650
100033434
23595
158866
400121
100616129
100616389
65996
100033413
92270
645079
90362
101928079
100033428
219749
9201
100033414
4081
283685
7803
55071
79469
5236
28966
389493
729970
6193
219464
7130
390154
51141
56288
10793
102724456
100131691
643376
474
132625
338675
283598
22999
7837
219968
283683
55081
123606
101928539
54221
101927380
4259
51606
148113
285878
138199
57688
101929454
163589
55677
23421
7477
101929488
222008
403273
4648
7398
9411
63974
55657
102724704
150384
101927360
403274
204010
223
83893
54090
1139
100505739
131368
1635
202309
658
79074
148753
340595
414351
5979
83607
440700
1500
101929445
8091
54815
10151
220988
199857
102725466
133418
4330
22803
101060385
23760
1587
2903
114791
102725497
25813
27
163590
414260
55687
23592
23049
3960
5075
908
23242
100874270
51179
102723938
131544
403278
79295
162968
646862
101927362
283768
100132565
134728
23658
100874207
29035
100507114
131566
403277
89838
100288380
503538
5480
102724492
102723785
1
55347
79310
9223
9648
283383
653125
101929520
8754
151871
401145
84864
4978
25870
400120
25825
425054
10343
22989
26092
267002
101929210
200895
340596
100462981
100302640
50863
100129940
55023
54499
51466
643669
7371
100500832
102724421
101927492
390113
219428
390142
219493
219952
219959
102724691
200894
64965
83998
2515
91074
2054
100505532
283174
553158
57691
492307
4986
9079
57692
102724564
6785
5825
51056
1956
730198
9832
22
100507073
202559
390155
84109
101929123
219469
55007
653190
388569
4211
23331
100287592
9857
1456
56242
83983
101927847
7272
101927577
375513
728411
100996497
100128575
101928654
349667
102723940
102723522
93474
27146
414197
414201
57116
100507464
222029
23194
340533
29780
100874281
115827
401337
256148
81931
6210
390
101930010
163782
114805
51079
374860
79657
5024
151760
414208
51512
375287
55122
390144
63899
7580
79668
101929653
60401
101929759
8601
101929637
100506797
7691
201514
102725256
102725486
148581
101929472
3670
55615
57685
22997
4837
101928916
54596
81796
102725477
284900
730338
57828
79862
79625
8187
644524
642366
667
55253
205860
79048
25945
80306
9404
389668
415117
7031
8445
219970
10746
219484
374864
374887
126382
729121
100873998
6646
643955
283116
100506835
23204
101929475
23213
388759
7704
645104
554203
729991
7678
7494
10249
730668
24
154796
54212
55915
3688
219960
126432
100302692
80063
286178
100287704
100287834
29929
100507135
100506555
5624
23111
101929528
5860
64699
5260
767
23779
84620
51110
219527
9324
644242
301
65056
2339
11085
101928401
9532
100130964
11200
8900
150135
441666
29015
286190
1280
219954
219956
10858
102723646
102724137
23080
4207
6819
400756
138050
90874
101927211
153769
102725059
23469
7582
100505583
274
84838
51715
150275
100130298
11184
55211
101927534
7223
5591
646754
256144
23036
28955
791115
51075
664709
728643
102725169
101927120
219477
84666
26036
129787
53358
64131
280636
3351
2071
100507012
401321
100288198
101927358
84376
23229
101929260
120586
219541
26227
101927135
346007
101927379
390538
440041
101927079
102724796
4261
64762
349075
100129460
101929241
5558
54941
101927701
3354
283694
10155
100192379
132332
441818
101927554
8625
10507
64919
102723757
114799
2631
727708
100033429
100033431
100033432
54407
101929608
101929625
55183
101929336
145624
285220
51444
10769
64940
1641
50852
10631
26225
101929356
101927364
729993
8440
79190
100190940
187
2019
8924
101929047
101929832
64151
653545
100288687
102723423
102723449
102723472
102723495
102723518
102723538
1270
440119
5380
101928714
347746
100033820
101930404
10499
51373
25921
79020
25771
389658
81309
100129345
101929153
8501
100128714
7421
2831
7697
150274
80829
100874355
101927901
11250
7222
5553
114548
26339
100129066
27127
11148
55225
150147
26519
102725420
2072
100128398
146279
101927383
89766
101928569
284998
80095
101928540
55454
5683
91523
158160
100506804
55652
7561
100507500
101928630
4731
308
342184
8829
55636
102724260
27145
5994
101927287
284233
347902
100505564
3716
4225
101929282
214
101927922
100874115
100507651
101929436
100233209
90102
5714
27185
100130539
101929465
79673
8909
7587
360132
115294
102724902
2152
643155
51427
10842
56916
51291
7113
84856
100134091
101930278
101930531
102723352
2483
8123
219429
79698
81300
127623
7337
55339
84826
26585
79022
112885
101926892
23094
100132979
137902
401357
101060476
101930009
64983
54097
254251
10411
10912
100131315
200959
1081
51716
81615
51132
100271849
23284
150142
11213
285877
2009
49854
285190
11067
101927660
1581
122011
101928134
100885789
284312
57568
257068
100996301
345651
223075
11211
7681
388011
100996654
10762
57194
23480
29114
90522
2567
643236
4821
26054
92249
100129482
139886
56160
162655
27022
102723605
81469
102724446
441933
27300
7224
101927683
54627
284898
102724762
81470
23359
4703
220980
4093
1347
283820
102723728
9933
5862
100507065
1809
83937
6638
8926
343169
868
101927009
81552
101927551
216
8685
84193
11197
115727
390151
6386
153241
101927460
57130
148823
84284
64778
101928615
102724045
3284
25966
55578
11328
56892
101929988
1463
5901
101930028
101930449
6917
7554
100506737
80003
219537
57507
11095
83734
79413
84959
100505601
219436
101929736
10147
400644
23742
253827
148824
81472
102724668
167691
101927186
4646
8193
2838
84451
101928284
53405
6096
1371
9392
202374
26188
170689
390152
3775
25814
10978
219431
26018
9271
126969
9170
148641
81614
101060684
219539
4919
94274
10998
56650
284532
9284
100288332
6228
100130849
54929
100653233
5144
84938
391189
55663
283171
81168
101927034
343171
23191
81341
4853
93436
84100
79905
388468
56253
1730
100507431
103611081
220979
25799
54439
93166
2693
25893
51564
147965
102724287
55857
126433
91942
10653
5137
347689
85352
343172
221223
5795
102723427
11340
100506421
64098
101929397
23151
284440
199720
26246
147968
440515
391191
3358
284521
10824
27329
81466
255926
1891
6749
2274
100653057
1066
339005
115286
9627
54089
64073
399979
85440
4015
5459
4313
8743
29880
219595
2346
286177
101060019
102724321
26138
81
57552
3191
390148
1303
440072
23471
137886
56980
171482
101927526
26150
91120
101929591
710
9111
6913
153163
25948
84439
101928940
23383
115290
54938
80122
57794
6183
25996
440248
219965
54494
55832
10179
399473
