EntrezGene ID
390061
145282
100302275
79345
768216
693228
54538
102465695
102466984
390264
219870
219869
677681
10465
100616210
213
9892
407027
6392
390265
1756
283140
100616204
101927728
100126310
100422859
100500879
10735
100126316
143630
406991
101928441
54828
53840
100616180
100616245
574445
100500825
101928062
56158
83875
338596
27345
171392
1288
26509
390059
83447
282763
6660
100128098
90321
56203
4900
100507477
103695364
23584
85481
10090
3048
162963
731157
162962
100128176
3576
445372
89874
120379
245972
147657
51115
102723724
101928358
7757
102724277
102724718
390064
102725285
8471
29118
388523
9172
390081
90317
10346
7644
79339
4591
63876
6374
50613
340980
101927815
101927836
100129794
6198
23150
147658
79665
10150
100507347
55693
390245
137735
50937
3044
101928590
2823
115111
101928823
387810
7431
266971
8895
102723166
204474
348235
390077
4848
387748
1111
2813
390072
6372
4086
3043
390079
54714
115201
79473
157724
390075
100130742
51136
85363
134701
5196
5801
51174
101927659
10733
90025
92196
653645
53940
284161
102724651
101928167
101927755
130940
101929340
90952
390243
10178
102723356
9538
11059
101929495
102725316
123876
1787
10513
5473
4013
101929164
102725297
256021
728040
10929
100506365
23052
101928617
60487
135112
694
1592
554201
4068
390078
81691
23493
101929144
55165
4281
100129543
101929620
102724803
643623
103344929
27152
55567
102723710
10622
3703
81856
55529
102724201
80110
143686
147660
9096
101928847
4684
100507283
79684
5197
153364
100129203
101929295
283160
283162
134957
8898
574028
102724825
574016
26494
219865
100507616
10888
388558
283159
135114
123879
319089
403312
9638
55841
112479
4286
22824
862
55762
3169
8029
163223
56
148213
51633
6059
101929602
80173
8502
6296
729178
2919
1183
57149
284371
102725206
26595
160065
102725401
9668
400713
390271
26493
388406
3843
64922
219858
390275
8493
341208
55623
100131270
116285
9373
54988
5146
124773
348158
440518
54726
401014
166824
101927152
100874087
5101
116337
1213
374890
100287226
84669
57615
64478
9702
1630
148198
81671
84441
5950
285521
5787
54851
5911
1287
51651
399967
143684
338557
167681
8027
124274
100128139
10393
173
338809
5716
101929124
4361
103625683
5518
7652
51196
112609
162967
90333
340665
7110
102724105
9200
79986
221074
284370
116068
22832
390054
85461
80746
7576
63897
84059
23538
154214
100169851
144100
7164
285203
283111
166785
10944
55769
399968
85458
729291
399669
100529240
1737
5238
55297
64221
117854
27086
55553
10550
162966
9039
55074
1070
84897
51020
3045
125893
26521
168975
349633
53340
102725187
102725442
100132815
645638
5805
641654
220296
54414
55216
102725071
390083
4360
440107
152485
3606
84436
390084
4199
219844
55181
83480
256471
55771
154810
80071
174
8411
112611
388403
219854
23033
80167
79315
3046
9211
338751
26057
24145
2526
3047
646603
143689
390058
390063
390067
390066
113835
51503
54536
159371
51167
151531
119679
119678
730087
158038
340547
100505851
219855
653567
79886
118924
7369
389432
101930346
762
23328
